# gamma	ks
  10.00000	   1.00000
   0.00000	   0.00000
   0.10000	  -0.02419
   0.20000	  -0.17551
   0.30000	  -0.27359
   0.40000	  -0.31693
   0.50000	  -0.31797
   0.60000	  -0.38206
   0.70000	  -0.35257
   0.80000	  -0.51371
   0.90000	  -0.66864
   1.00000	  -0.72978
   1.10000	  -0.72798
   1.20000	  -0.65213
   1.30000	  -0.60576
   1.40000	  -0.61568
   1.50000	  -0.47791
   1.60000	  -0.36147
   1.70000	  -0.31618
   1.80000	  -0.17990
   1.90000	  -0.14046
   2.00000	  -0.21675
   2.10000	  -0.39951
   2.20000	  -0.46359
   2.30000	  -0.45493
   2.40000	  -0.45597
   2.50000	  -0.37928
   2.60000	  -0.36366
   2.70000	  -0.39103
   2.80000	  -0.59526
   2.90000	  -0.61203
   3.00000	  -0.65132
   3.10000	  -0.70012
   3.20000	  -0.68170
   3.30000	  -0.59711
   3.40000	  -0.61447
   3.50000	  -0.56812
   3.60000	  -0.57925
   3.70000	  -0.56275
   3.80000	  -0.62348
   3.90000	  -0.73102
   4.00000	  -0.69677
   4.10000	  -0.61767
   4.20000	  -0.53259
   4.30000	  -0.49464
   4.40000	  -0.36894
   4.50000	  -0.23025
   4.60000	  -0.16617
   4.70000	  -0.11755
   4.80000	  -0.21354
   4.90000	  -0.32380
   5.00000	  -0.42773
   5.10000	  -0.48031
   5.20000	  -0.44052
   5.30000	  -0.33938
   5.40000	  -0.16525
   5.50000	  -0.00948
   5.60000	  -0.08617
   5.70000	  -0.17100
   5.80000	  -0.28550
   5.90000	  -0.39238
   6.00000	  -0.44497
   6.10000	  -0.48883
   6.20000	  -0.44937
   6.30000	  -0.47966
   6.40000	  -0.55858
   6.50000	  -0.62198
   6.60000	  -0.59662
   6.70000	  -0.67407
   6.80000	  -0.65812
   6.90000	  -0.60577
   7.00000	  -0.63072
   7.10000	  -0.57648
   7.20000	  -0.55966
   7.30000	  -0.47390
   7.40000	  -0.33573
   7.50000	  -0.28965
   7.60000	  -0.20295
   7.70000	  -0.02604
   7.80000	  -0.01817
   7.90000	  -0.05588
   8.00000	  -0.12929
   8.10000	  -0.22152
   8.20000	  -0.20802
   8.30000	  -0.23506
   8.40000	  -0.26397
   8.50000	  -0.26149
   8.60000	  -0.26579
   8.70000	  -0.26947
   8.80000	  -0.22634
   8.90000	  -0.20638
   9.00000	  -0.09947
   9.10000	   0.10128
   9.20000	   0.22855
   9.30000	   0.33149
   9.40000	   0.41371
   9.50000	   0.55598
   9.60000	   0.66592
   9.70000	   0.76654
   9.80000	   0.71326
   9.90000	   0.60999
  10.00000	   0.64688
  10.10000	   0.69639
  10.20000	   0.69323
  10.30000	   0.63777
  10.40000	   0.68299
  10.50000	   0.78297
  10.60000	   0.99374
  10.70000	   1.11878
  10.80000	   1.14545
  10.90000	   1.00163
  11.00000	   0.94624
  11.10000	   0.98133
  11.20000	   0.96452
  11.30000	   0.90612
  11.40000	   0.97312
  11.50000	   0.95079
  11.60000	   0.84694
  11.70000	   0.91236
  11.80000	   0.83610
  11.90000	   0.84167
  12.00000	   0.92468
  12.10000	   0.95285
  12.20000	   0.95764
  12.30000	   0.97476
  12.40000	   1.02941
  12.50000	   1.04333
  12.60000	   0.98499
  12.70000	   0.86049
  12.80000	   0.77030
  12.90000	   0.72202
  13.00000	   0.74593
  13.10000	   0.69259
  13.20000	   0.59969
  13.30000	   0.61006
  13.40000	   0.60063
  13.50000	   0.62126
  13.60000	   0.71853
  13.70000	   0.62577
  13.80000	   0.65380
  13.90000	   0.67614
  14.00000	   0.74260
  14.10000	   0.90972
  14.20000	   1.08821
  14.30000	   1.13888
  14.40000	   1.13252
  14.50000	   1.11641
  14.60000	   1.09601
  14.70000	   1.14587
  14.80000	   1.19055
  14.90000	   1.19707
  15.00000	   1.10661
  15.10000	   1.01638
  15.20000	   1.09106
  15.30000	   1.21669
  15.40000	   1.22314
  15.50000	   1.14608
  15.60000	   1.21907
  15.70000	   1.21608
  15.80000	   1.37277
  15.90000	   1.32787
  16.00000	   1.25956
  16.10000	   1.28326
  16.20000	   1.41713
  16.30000	   1.51288
  16.40000	   1.47613
  16.50000	   1.49634
  16.60000	   1.51175
  16.70000	   1.46705
  16.80000	   1.36334
  16.90000	   1.36529
  17.00000	   1.37626
  17.10000	   1.35759
  17.20000	   1.36384
  17.30000	   1.35044
  17.40000	   1.31161
  17.50000	   1.31605
  17.60000	   1.21301
  17.70000	   1.15579
  17.80000	   1.05185
  17.90000	   1.00648
  18.00000	   1.18362
  18.10000	   1.26580
  18.20000	   1.11296
  18.30000	   1.03430
  18.40000	   0.91145
  18.50000	   0.81746
  18.60000	   0.76280
  18.70000	   0.86516
  18.80000	   0.85375
  18.90000	   0.83490
  19.00000	   0.88118
  19.10000	   0.87232
  19.20000	   0.95951
  19.30000	   1.04279
  19.40000	   1.05465
  19.50000	   1.00728
  19.60000	   1.03635
  19.70000	   1.08860
  19.80000	   1.09605
  19.90000	   1.00104
  20.00000	   1.00094
  20.10000	   1.13061
  20.20000	   1.27778
  20.30000	   1.31417
  20.40000	   1.38352
  20.50000	   1.40202
  20.60000	   1.37104
  20.70000	   1.36600
  20.80000	   1.46268
  20.90000	   1.55513
  21.00000	   1.54266
  21.10000	   1.50206
  21.20000	   1.45417
  21.30000	   1.32310
  21.40000	   1.24885
  21.50000	   1.14891
  21.60000	   1.10928
  21.70000	   1.02718
  21.80000	   0.90213
  21.90000	   0.81530
  22.00000	   0.78734
  22.10000	   0.70292
  22.20000	   0.63953
  22.30000	   0.66352
  22.40000	   0.72841
  22.50000	   0.76766
  22.60000	   0.75285
  22.70000	   0.77806
  22.80000	   0.80005
  22.90000	   0.80195
  23.00000	   0.81324
  23.10000	   0.88507
  23.20000	   0.96081
  23.30000	   0.99795
  23.40000	   0.91958
  23.50000	   0.86389
  23.60000	   0.94309
  23.70000	   1.10930
  23.80000	   1.27244
  23.90000	   1.43930
  24.00000	   1.46919
  24.10000	   1.39375
  24.20000	   1.37425
  24.30000	   1.38347
  24.40000	   1.39686
  24.50000	   1.30350
  24.60000	   1.22966
  24.70000	   1.13766
  24.80000	   1.15425
  24.90000	   1.10935
  25.00000	   1.11211
  25.10000	   1.15540
  25.20000	   1.19012
  25.30000	   1.26346
  25.40000	   1.31981
  25.50000	   1.37144
  25.60000	   1.38022
  25.70000	   1.26127
  25.80000	   1.26814
  25.90000	   1.18668
  26.00000	   1.12218
  26.10000	   0.96907
  26.20000	   0.85203
  26.30000	   0.69996
  26.40000	   0.59742
  26.50000	   0.51773
  26.60000	   0.55965
  26.70000	   0.42416
  26.80000	   0.28421
  26.90000	   0.11292
  27.00000	   0.08809
  27.10000	   0.09742
  27.20000	  -0.04130
  27.30000	  -0.07500
  27.40000	  -0.26465
  27.50000	  -0.35743
  27.60000	  -0.51624
  27.70000	  -0.58589
  27.80000	  -0.64958
  27.90000	  -0.71456
  28.00000	  -0.63142
  28.10000	  -0.54735
  28.20000	  -0.35420
  28.30000	  -0.28796
  28.40000	  -0.40229
  28.50000	  -0.51874
  28.60000	  -0.51285
  28.70000	  -0.55800
  28.80000	  -0.47551
  28.90000	  -0.54798
  29.00000	  -0.49786
  29.10000	  -0.28642
  29.20000	  -0.30679
  29.30000	  -0.22160
  29.40000	  -0.03184
  29.50000	   0.04180
  29.60000	  -0.01149
  29.70000	   0.03183
  29.80000	   0.09867
  29.90000	   0.03031
  30.00000	  -0.07055
  30.10000	  -0.09147
  30.20000	  -0.14174
  30.30000	  -0.17676
  30.40000	  -0.16409
  30.50000	  -0.15378
  30.60000	  -0.17547
  30.70000	  -0.29214
  30.80000	  -0.44891
  30.90000	  -0.68767
  31.00000	  -0.80743
  31.10000	  -0.95102
  31.20000	  -1.03162
  31.30000	  -1.06109
  31.40000	  -0.99167
  31.50000	  -0.97410
  31.60000	  -1.01567
  31.70000	  -1.02985
  31.80000	  -1.02021
  31.90000	  -0.99698
  32.00000	  -0.92934
  32.10000	  -0.76901
  32.20000	  -0.66834
  32.30000	  -0.65843
  32.40000	  -0.59284
  32.50000	  -0.53611
  32.60000	  -0.57595
  32.70000	  -0.60254
  32.80000	  -0.52539
  32.90000	  -0.43649
  33.00000	  -0.40881
  33.10000	  -0.47468
  33.20000	  -0.49930
  33.30000	  -0.35113
  33.40000	  -0.07021
  33.50000	  -0.03588
  33.60000	  -0.05512
  33.70000	  -0.10915
  33.80000	  -0.21693
  33.90000	  -0.23191
  34.00000	  -0.22383
  34.10000	  -0.22194
  34.20000	  -0.15895
  34.30000	  -0.11356
  34.40000	  -0.03560
  34.50000	   0.05070
  34.60000	   0.15957
  34.70000	   0.11328
  34.80000	   0.11544
  34.90000	   0.25296
  35.00000	   0.46388
  35.10000	   0.57396
  35.20000	   0.63527
  35.30000	   0.70318
  35.40000	   0.82673
  35.50000	   0.86609
  35.60000	   0.86925
  35.70000	   0.91714
  35.80000	   1.03806
  35.90000	   1.03596
  36.00000	   1.06511
  36.10000	   1.04534
  36.20000	   1.08292
  36.30000	   1.03334
  36.40000	   1.03603
  36.50000	   1.01886
  36.60000	   0.97349
  36.70000	   0.91811
  36.80000	   0.85130
  36.90000	   0.79662
  37.00000	   0.81527
  37.10000	   0.91398
  37.20000	   1.00835
  37.30000	   1.06271
  37.40000	   0.97406
  37.50000	   0.88075
  37.60000	   0.62148
  37.70000	   0.57851
  37.80000	   0.60580
  37.90000	   0.68762
  38.00000	   0.84653
  38.10000	   0.96393
  38.20000	   1.12581
  38.30000	   1.12933
  38.40000	   1.17829
  38.50000	   1.20590
  38.60000	   1.25528
  38.70000	   1.32058
  38.80000	   1.46276
  38.90000	   1.55554
  39.00000	   1.57010
  39.10000	   1.54951
  39.20000	   1.53487
  39.30000	   1.48808
  39.40000	   1.40454
  39.50000	   1.36067
  39.60000	   1.44735
  39.70000	   1.52370
  39.80000	   1.66278
  39.90000	   1.85747
  40.00000	   1.84996
  40.10000	   1.94522
  40.20000	   1.92790
  40.30000	   1.96974
  40.40000	   2.07027
  40.50000	   1.99653
  40.60000	   1.86313
  40.70000	   1.78215
  40.80000	   1.68162
  40.90000	   1.72805
  41.00000	   1.82251
  41.10000	   1.86142
  41.20000	   1.87634
  41.30000	   1.76281
  41.40000	   1.62061
  41.50000	   1.62700
  41.60000	   1.77999
  41.70000	   1.76482
  41.80000	   1.80891
  41.90000	   1.77992
  42.00000	   1.66352
  42.10000	   1.59589
  42.20000	   1.50198
  42.30000	   1.43586
  42.40000	   1.46419
  42.50000	   1.54752
  42.60000	   1.50929
  42.70000	   1.52672
  42.80000	   1.57682
  42.90000	   1.70208
  43.00000	   1.76294
  43.10000	   1.60983
  43.20000	   1.57621
  43.30000	   1.53422
  43.40000	   1.53048
  43.50000	   1.45241
  43.60000	   1.38209
  43.70000	   1.38569
  43.80000	   1.33882
  43.90000	   1.34067
  44.00000	   1.27484
  44.10000	   1.18249
  44.20000	   1.23411
  44.30000	   1.34004
  44.40000	   1.42831
  44.50000	   1.38752
  44.60000	   1.29873
  44.70000	   1.27344
  44.80000	   1.26337
  44.90000	   1.32117
  45.00000	   1.34831
  45.10000	   1.33897
  45.20000	   1.26269
  45.30000	   1.26699
  45.40000	   1.14433
  45.50000	   1.07686
  45.60000	   1.01229
  45.70000	   0.93283
  45.80000	   0.81569
  45.90000	   0.79928
  46.00000	   0.81234
  46.10000	   0.86760
  46.20000	   0.96297
  46.30000	   0.98468
  46.40000	   0.89529
  46.50000	   1.00770
  46.60000	   1.09011
  46.70000	   1.06173
  46.80000	   1.15235
  46.90000	   1.12676
  47.00000	   0.98471
  47.10000	   0.93953
  47.20000	   1.01310
  47.30000	   1.03049
  47.40000	   0.98428
  47.50000	   0.85204
  47.60000	   0.85745
  47.70000	   0.95845
  47.80000	   0.98272
  47.90000	   1.12242
  48.00000	   1.24259
  48.10000	   1.32972
  48.20000	   1.35368
  48.30000	   1.47376
  48.40000	   1.59608
  48.50000	   1.77065
  48.60000	   1.89037
  48.70000	   1.91335
  48.80000	   1.94839
  48.90000	   1.98662
  49.00000	   1.92601
  49.10000	   1.83988
  49.20000	   1.77057
  49.30000	   1.72559
  49.40000	   1.67094
  49.50000	   1.61647
  49.60000	   1.58987
  49.70000	   1.55075
  49.80000	   1.54263
  49.90000	   1.51249
  50.00000	   1.54703
  50.10000	   1.66558
  50.20000	   1.80791
  50.30000	   1.81985
  50.40000	   1.75186
  50.50000	   1.72666
  50.60000	   1.73000
  50.70000	   1.79932
  50.80000	   1.85113
  50.90000	   1.79295
  51.00000	   1.63389
  51.10000	   1.54877
  51.20000	   1.53928
  51.30000	   1.62783
  51.40000	   1.59786
  51.50000	   1.58165
  51.60000	   1.58266
  51.70000	   1.58862
  51.80000	   1.49032
  51.90000	   1.41173
  52.00000	   1.53963
  52.10000	   1.51918
  52.20000	   1.49029
  52.30000	   1.37154
  52.40000	   1.33257
  52.50000	   1.20175
  52.60000	   1.22188
  52.70000	   1.23934
  52.80000	   1.24616
  52.90000	   1.34263
  53.00000	   1.24781
  53.10000	   1.11259
  53.20000	   1.14039
  53.30000	   1.11499
  53.40000	   1.02823
  53.50000	   0.96298
  53.60000	   0.89984
  53.70000	   0.84720
  53.80000	   0.83834
  53.90000	   0.72129
  54.00000	   0.69032
  54.10000	   0.64321
  54.20000	   0.61762
  54.30000	   0.74046
  54.40000	   0.83083
  54.50000	   0.94830
  54.60000	   0.99403
  54.70000	   1.07360
  54.80000	   1.07814
  54.90000	   1.00936
  55.00000	   0.88168
  55.10000	   0.83449
  55.20000	   0.84094
  55.30000	   0.89063
  55.40000	   0.96956
  55.50000	   1.09642
  55.60000	   1.15569
  55.70000	   1.15385
  55.80000	   1.22145
  55.90000	   1.32383
  56.00000	   1.41451
  56.10000	   1.41553
  56.20000	   1.44815
  56.30000	   1.50572
  56.40000	   1.60202
  56.50000	   1.74759
  56.60000	   1.78948
  56.70000	   1.82499
  56.80000	   1.91995
  56.90000	   1.93970
  57.00000	   1.98578
  57.10000	   2.01291
  57.20000	   2.05437
  57.30000	   2.10594
  57.40000	   2.14606
  57.50000	   2.21138
  57.60000	   2.28504
  57.70000	   2.23214
  57.80000	   2.17580
  57.90000	   2.09144
  58.00000	   2.12927
  58.10000	   2.25302
  58.20000	   2.24939
  58.30000	   2.27616
  58.40000	   2.25973
  58.50000	   2.29316
  58.60000	   2.42267
  58.70000	   2.52575
  58.80000	   2.59315
  58.90000	   2.51733
  59.00000	   2.48541
  59.10000	   2.44758
  59.20000	   2.33645
  59.30000	   2.19535
  59.40000	   2.08803
  59.50000	   2.05066
  59.60000	   2.10737
  59.70000	   2.08539
  59.80000	   2.03201
  59.90000	   1.96664
  60.00000	   1.88044
  60.10000	   1.83671
  60.20000	   1.73087
  60.30000	   1.74382
  60.40000	   1.71344
  60.50000	   1.62012
  60.60000	   1.57969
  60.70000	   1.65092
  60.80000	   1.75422
  60.90000	   1.94926
  61.00000	   2.02856
  61.10000	   2.06612
  61.20000	   2.13289
  61.30000	   2.16832
  61.40000	   2.12956
  61.50000	   2.07739
  61.60000	   2.04582
  61.70000	   2.04456
  61.80000	   1.98221
  61.90000	   2.08321
  62.00000	   2.16134
  62.10000	   2.23972
  62.20000	   2.16362
  62.30000	   2.16130
  62.40000	   2.12583
  62.50000	   2.21028
  62.60000	   2.27816
  62.70000	   2.25246
  62.80000	   2.24035
  62.90000	   2.42887
  63.00000	   2.70952
  63.10000	   2.83394
  63.20000	   2.87947
  63.30000	   2.74106
  63.40000	   2.68425
  63.50000	   2.62604
  63.60000	   2.59575
  63.70000	   2.58134
  63.80000	   2.58618
  63.90000	   2.55308
  64.00000	   2.57125
  64.10000	   2.63087
  64.20000	   2.72392
  64.30000	   2.68501
  64.40000	   2.67314
  64.50000	   2.56393
  64.60000	   2.47728
  64.70000	   2.38715
  64.80000	   2.30451
  64.90000	   2.34531
  65.00000	   2.37284
  65.10000	   2.31608
  65.20000	   2.25720
  65.30000	   2.20187
  65.40000	   2.22678
  65.50000	   2.21417
  65.60000	   2.11433
  65.70000	   2.07486
  65.80000	   1.92132
  65.90000	   1.82358
  66.00000	   1.78832
  66.10000	   1.78048
  66.20000	   1.79769
  66.30000	   1.83039
  66.40000	   1.83345
  66.50000	   1.95139
  66.60000	   2.11734
  66.70000	   2.22767
  66.80000	   2.26374
  66.90000	   2.20301
  67.00000	   2.18355
  67.10000	   2.23094
  67.20000	   2.20696
  67.30000	   2.07360
  67.40000	   1.97512
  67.50000	   1.91631
  67.60000	   1.97602
  67.70000	   1.91411
  67.80000	   1.85974
  67.90000	   1.88561
  68.00000	   1.86511
  68.10000	   1.76126
  68.20000	   1.66260
  68.30000	   1.61730
  68.40000	   1.55391
  68.50000	   1.38980
  68.60000	   1.22299
  68.70000	   1.06509
  68.80000	   0.96482
  68.90000	   0.98815
  69.00000	   0.90812
  69.10000	   0.84660
  69.20000	   0.91799
  69.30000	   0.88217
  69.40000	   0.91544
  69.50000	   0.97667
  69.60000	   0.96925
  69.70000	   0.89625
  69.80000	   0.79070
  69.90000	   0.76850
  70.00000	   0.91477
  70.10000	   0.98954
  70.20000	   1.02730
  70.30000	   1.09003
  70.40000	   0.98394
  70.50000	   0.85704
  70.60000	   0.83370
  70.70000	   0.90169
  70.80000	   0.93016
  70.90000	   0.84098
  71.00000	   0.73913
  71.10000	   0.70526
  71.20000	   0.63214
  71.30000	   0.50849
  71.40000	   0.48097
  71.50000	   0.59875
  71.60000	   0.64798
  71.70000	   0.75217
  71.80000	   0.78779
  71.90000	   0.81477
  72.00000	   0.90214
  72.10000	   1.05681
  72.20000	   1.15027
  72.30000	   1.21684
  72.40000	   1.19996
  72.50000	   1.20509
  72.60000	   1.16583
  72.70000	   1.22496
  72.80000	   1.37044
  72.90000	   1.56922
  73.00000	   1.68678
  73.10000	   1.74176
  73.20000	   1.55590
  73.30000	   1.41860
  73.40000	   1.36031
  73.50000	   1.29720
  73.60000	   1.19964
  73.70000	   1.11993
  73.80000	   1.08766
  73.90000	   1.03068
  74.00000	   1.01831
  74.10000	   1.10589
  74.20000	   1.15427
  74.30000	   1.31648
  74.40000	   1.34802
  74.50000	   1.27838
  74.60000	   1.21416
  74.70000	   1.11393
  74.80000	   1.00400
  74.90000	   0.91505
  75.00000	   0.83010
  75.10000	   0.71793
  75.20000	   0.63570
  75.30000	   0.60499
  75.40000	   0.52654
  75.50000	   0.53438
  75.60000	   0.64470
  75.70000	   0.69946
  75.80000	   0.77641
  75.90000	   0.74812
  76.00000	   0.78328
  76.10000	   0.89097
  76.20000	   0.96681
  76.30000	   1.05568
  76.40000	   1.17914
  76.50000	   1.13069
  76.60000	   1.14320
  76.70000	   1.17049
  76.80000	   1.08556
  76.90000	   1.02872
  77.00000	   0.94200
  77.10000	   0.85536
  77.20000	   0.91967
  77.30000	   0.92001
  77.40000	   0.91877
  77.50000	   1.01198
  77.60000	   1.12509
  77.70000	   1.05723
  77.80000	   0.87325
  77.90000	   0.80872
  78.00000	   0.86174
  78.10000	   0.85412
  78.20000	   0.76619
  78.30000	   0.80783
  78.40000	   0.87724
  78.50000	   0.98053
  78.60000	   1.01061
  78.70000	   1.08810
  78.80000	   1.18559
  78.90000	   1.25346
  79.00000	   1.32824
  79.10000	   1.40922
  79.20000	   1.39208
  79.30000	   1.33635
  79.40000	   1.24286
  79.50000	   1.20411
  79.60000	   1.31640
  79.70000	   1.32336
  79.80000	   1.25542
  79.90000	   1.27166
  80.00000	   1.17498
  80.10000	   1.19252
  80.20000	   1.15489
  80.30000	   1.00069
  80.40000	   0.89389
  80.50000	   0.80806
  80.60000	   0.71216
  80.70000	   0.69996
  80.80000	   0.78917
  80.90000	   0.97587
  81.00000	   1.09350
  81.10000	   1.19762
  81.20000	   1.37943
  81.30000	   1.38124
  81.40000	   1.27014
  81.50000	   1.18100
  81.60000	   1.24381
  81.70000	   1.29006
  81.80000	   1.23151
  81.90000	   1.27193
  82.00000	   1.37388
  82.10000	   1.37010
  82.20000	   1.35250
  82.30000	   1.38826
  82.40000	   1.36812
  82.50000	   1.30249
  82.60000	   1.22344
  82.70000	   1.28105
  82.80000	   1.34595
  82.90000	   1.41294
  83.00000	   1.33881
  83.10000	   1.38038
  83.20000	   1.44796
  83.30000	   1.42534
  83.40000	   1.39825
  83.50000	   1.46168
  83.60000	   1.56062
  83.70000	   1.55318
  83.80000	   1.46239
  83.90000	   1.51113
  84.00000	   1.53537
  84.10000	   1.54662
  84.20000	   1.48645
  84.30000	   1.47448
  84.40000	   1.53676
  84.50000	   1.48688
  84.60000	   1.38755
  84.70000	   1.28430
  84.80000	   1.30578
  84.90000	   1.34347
  85.00000	   1.46897
  85.10000	   1.55218
  85.20000	   1.52401
  85.30000	   1.43290
  85.40000	   1.20052
  85.50000	   0.99863
  85.60000	   0.90103
  85.70000	   0.87177
  85.80000	   0.84351
  85.90000	   0.79342
  86.00000	   0.77555
  86.10000	   0.85740
  86.20000	   0.81205
  86.30000	   0.61999
  86.40000	   0.55601
  86.50000	   0.56112
  86.60000	   0.57395
  86.70000	   0.50873
  86.80000	   0.48384
  86.90000	   0.41628
  87.00000	   0.40414
  87.10000	   0.47334
  87.20000	   0.44950
  87.30000	   0.47102
  87.40000	   0.57106
  87.50000	   0.66948
  87.60000	   0.68732
  87.70000	   0.73105
  87.80000	   0.79662
  87.90000	   0.80216
  88.00000	   0.67231
  88.10000	   0.56552
  88.20000	   0.49402
  88.30000	   0.48253
  88.40000	   0.45756
  88.50000	   0.46905
  88.60000	   0.51406
  88.70000	   0.50778
  88.80000	   0.53873
  88.90000	   0.71809
  89.00000	   0.80610
  89.10000	   0.91431
  89.20000	   0.89924
  89.30000	   0.95979
  89.40000	   1.02425
  89.50000	   1.03527
  89.60000	   1.11385
  89.70000	   1.18044
  89.80000	   1.27356
  89.90000	   1.38077
  90.00000	   1.41889
  90.10000	   1.37968
  90.20000	   1.34476
  90.30000	   1.44494
  90.40000	   1.52669
  90.50000	   1.51604
  90.60000	   1.58463
  90.70000	   1.58212
  90.80000	   1.53807
  90.90000	   1.52937
  91.00000	   1.59053
  91.10000	   1.67797
  91.20000	   1.74964
  91.30000	   1.69111
  91.40000	   1.50316
  91.50000	   1.43763
  91.60000	   1.34901
  91.70000	   1.24368
  91.80000	   1.19625
  91.90000	   1.20571
  92.00000	   1.12072
  92.10000	   1.05123
  92.20000	   1.01865
  92.30000	   0.86755
  92.40000	   0.82025
  92.50000	   0.87692
  92.60000	   0.86353
  92.70000	   0.98807
  92.80000	   0.94652
  92.90000	   1.00593
  93.00000	   1.14317
  93.10000	   1.28657
  93.20000	   1.29167
  93.30000	   1.34933
  93.40000	   1.37617
  93.50000	   1.40599
  93.60000	   1.49361
  93.70000	   1.64179
  93.80000	   1.70311
  93.90000	   1.82586
  94.00000	   1.78994
  94.10000	   1.70256
  94.20000	   1.57838
  94.30000	   1.55663
  94.40000	   1.58523
  94.50000	   1.59110
  94.60000	   1.61872
  94.70000	   1.51911
  94.80000	   1.49646
  94.90000	   1.47478
  95.00000	   1.44631
  95.10000	   1.48882
  95.20000	   1.51208
  95.30000	   1.69513
  95.40000	   1.81886
  95.50000	   1.90689
  95.60000	   1.89353
  95.70000	   1.89161
  95.80000	   1.99171
  95.90000	   2.00897
  96.00000	   1.96315
  96.10000	   1.90382
  96.20000	   1.87748
  96.30000	   1.82806
  96.40000	   1.71677
  96.50000	   1.54001
  96.60000	   1.40010
  96.70000	   1.40887
  96.80000	   1.49218
  96.90000	   1.48753
  97.00000	   1.49904
  97.10000	   1.37271
  97.20000	   1.46762
  97.30000	   1.59487
  97.40000	   1.59581
  97.50000	   1.51700
  97.60000	   1.52543
  97.70000	   1.55329
  97.80000	   1.54651
  97.90000	   1.39686
  98.00000	   1.27913
  98.10000	   1.22017
  98.20000	   1.20568
  98.30000	   1.17457
  98.40000	   1.08967
  98.50000	   0.86716
  98.60000	   0.69692
  98.70000	   0.55775
  98.80000	   0.46270
  98.90000	   0.30256
  99.00000	   0.12866
  99.10000	   0.08463
  99.20000	  -0.01714
  99.30000	  -0.01510
  99.40000	   0.02799
  99.50000	   0.06157
  99.60000	   0.01606
  99.70000	   0.11354
  99.80000	   0.21427
  99.90000	   0.27371
