# gamma	ks
  66.49108	  73.54710
   0.00000	   0.45012
   0.10000	   0.38602
   0.20000	   0.34345
   0.30000	   0.28405
   0.40000	   0.29287
   0.50000	   0.18894
   0.60000	   0.15694
   0.70000	   0.11512
   0.80000	   0.09686
   0.90000	   0.12231
   1.00000	   0.08235
   1.10000	   0.21410
   1.20000	   0.23303
   1.30000	   0.17198
   1.40000	   0.14004
   1.50000	   0.12641
   1.60000	   0.04728
   1.70000	   0.03334
   1.80000	   0.06467
   1.90000	   0.06852
   2.00000	   0.09905
   2.10000	   0.13663
   2.20000	   0.07232
   2.30000	   0.08944
   2.40000	   0.06231
   2.50000	   0.18829
   2.60000	   0.12753
   2.70000	   0.10561
   2.80000	   0.12871
   2.90000	   0.16944
   3.00000	   0.15331
   3.10000	   0.06787
   3.20000	   0.12201
   3.30000	   0.06729
   3.40000	   0.07759
   3.50000	   0.09009
   3.60000	   0.06312
   3.70000	   0.14615
   3.80000	   0.07297
   3.90000	   0.10900
   4.00000	   0.09270
   4.10000	   0.07518
   4.20000	   0.11941
   4.30000	   0.05596
   4.40000	   0.05411
   4.50000	   0.04255
   4.60000	   0.04479
   4.70000	   0.00560
   4.80000	  -0.03148
   4.90000	  -0.04866
   5.00000	   0.00927
   5.10000	   0.07650
   5.20000	   0.12897
   5.30000	   0.09827
   5.40000	  -0.00749
   5.50000	  -0.04395
   5.60000	  -0.04219
   5.70000	  -0.11870
   5.80000	  -0.12304
   5.90000	  -0.05674
   6.00000	  -0.06292
   6.10000	  -0.06343
   6.20000	  -0.05137
   6.30000	  -0.01144
   6.40000	   0.00498
   6.50000	  -0.00733
   6.60000	  -0.00503
   6.70000	   0.00749
   6.80000	  -0.09365
   6.90000	  -0.12085
   7.00000	  -0.14540
   7.10000	  -0.13736
   7.20000	  -0.15685
   7.30000	  -0.16273
   7.40000	  -0.14528
   7.50000	  -0.11816
   7.60000	  -0.12131
   7.70000	   0.04308
   7.80000	   0.10846
   7.90000	   0.10294
   8.00000	   0.13779
   8.10000	   0.04220
   8.20000	   0.05025
   8.30000	  -0.02024
   8.40000	  -0.04215
   8.50000	  -0.01716
   8.60000	   0.01528
   8.70000	  -0.02511
   8.80000	  -0.04426
   8.90000	   0.02459
   9.00000	   0.11487
   9.10000	   0.13370
   9.20000	   0.17315
   9.30000	   0.12367
   9.40000	   0.02102
   9.50000	   0.07103
   9.60000	   0.06771
   9.70000	   0.03486
   9.80000	   0.12952
   9.90000	   0.11769
  10.00000	   0.15613
  10.10000	   0.19218
  10.20000	   0.29101
  10.30000	   0.38280
  10.40000	   0.37961
  10.50000	   0.43472
  10.60000	   0.36635
  10.70000	   0.30110
  10.80000	   0.19725
  10.90000	   0.09747
  11.00000	   0.06490
  11.10000	  -0.01826
  11.20000	  -0.05389
  11.30000	  -0.03047
  11.40000	  -0.09606
  11.50000	  -0.07643
  11.60000	  -0.04702
  11.70000	   0.01512
  11.80000	   0.02884
  11.90000	   0.03427
  12.00000	   0.08236
  12.10000	   0.02121
  12.20000	   0.08081
  12.30000	   0.04333
  12.40000	   0.02480
  12.50000	   0.02037
  12.60000	   0.04051
  12.70000	   0.01823
  12.80000	   0.02833
  12.90000	   0.04443
  13.00000	   0.08213
  13.10000	   0.02502
  13.20000	   0.00209
  13.30000	   0.03553
  13.40000	   0.13033
  13.50000	   0.08190
  13.60000	  -0.01150
  13.70000	  -0.11052
  13.80000	  -0.03584
  13.90000	   0.03065
  14.00000	   0.00011
  14.10000	   0.01250
  14.20000	  -0.07302
  14.30000	  -0.06771
  14.40000	  -0.10452
  14.50000	  -0.09008
  14.60000	  -0.10979
  14.70000	  -0.10168
  14.80000	  -0.07830
  14.90000	  -0.13743
  15.00000	  -0.19605
  15.10000	  -0.26482
  15.20000	  -0.19545
  15.30000	  -0.19292
  15.40000	  -0.15898
  15.50000	  -0.18165
  15.60000	  -0.25975
  15.70000	  -0.32281
  15.80000	  -0.37875
  15.90000	  -0.28279
  16.00000	  -0.22462
  16.10000	  -0.23683
  16.20000	  -0.24216
  16.30000	  -0.22344
  16.40000	  -0.16077
  16.50000	  -0.06570
  16.60000	  -0.01915
  16.70000	   0.05623
  16.80000	   0.03226
  16.90000	  -0.02579
  17.00000	  -0.14620
  17.10000	  -0.13620
  17.20000	  -0.01749
  17.30000	  -0.04849
  17.40000	  -0.05072
  17.50000	  -0.02391
  17.60000	  -0.00611
  17.70000	   0.05034
  17.80000	   0.10931
  17.90000	   0.07804
  18.00000	   0.08633
  18.10000	   0.01248
  18.20000	  -0.05187
  18.30000	  -0.12190
  18.40000	  -0.11425
  18.50000	  -0.14884
  18.60000	  -0.14201
  18.70000	  -0.11558
  18.80000	  -0.12910
  18.90000	  -0.15596
  19.00000	  -0.24114
  19.10000	  -0.14246
  19.20000	  -0.09970
  19.30000	  -0.06128
  19.40000	  -0.05830
  19.50000	  -0.07083
  19.60000	  -0.10282
  19.70000	  -0.05037
  19.80000	  -0.09163
  19.90000	  -0.01691
  20.00000	  -0.04276
  20.10000	  -0.05099
  20.20000	  -0.05851
  20.30000	  -0.09866
  20.40000	  -0.09369
  20.50000	  -0.06216
  20.60000	   0.00226
  20.70000	  -0.11963
  20.80000	  -0.11546
  20.90000	  -0.17472
  21.00000	  -0.12200
  21.10000	  -0.18991
  21.20000	  -0.16379
  21.30000	  -0.19712
  21.40000	  -0.16028
  21.50000	  -0.10062
  21.60000	  -0.08050
  21.70000	  -0.17346
  21.80000	  -0.22017
  21.90000	  -0.10705
  22.00000	  -0.15440
  22.10000	  -0.04459
  22.20000	  -0.06944
  22.30000	  -0.11189
  22.40000	  -0.18891
  22.50000	  -0.14404
  22.60000	  -0.13362
  22.70000	  -0.16737
  22.80000	  -0.17483
  22.90000	  -0.17005
  23.00000	  -0.22859
  23.10000	  -0.18786
  23.20000	  -0.22638
  23.30000	  -0.19716
  23.40000	  -0.12636
  23.50000	  -0.06082
  23.60000	  -0.11288
  23.70000	  -0.11495
  23.80000	  -0.13061
  23.90000	  -0.05806
  24.00000	  -0.02417
  24.10000	  -0.06588
  24.20000	  -0.04166
  24.30000	  -0.03446
  24.40000	  -0.04369
  24.50000	   0.03572
  24.60000	  -0.05042
  24.70000	  -0.00949
  24.80000	  -0.03094
  24.90000	  -0.02288
  25.00000	   0.03866
  25.10000	   0.08113
  25.20000	   0.00891
  25.30000	   0.06431
  25.40000	   0.15240
  25.50000	   0.06674
  25.60000	  -0.04584
  25.70000	  -0.02910
  25.80000	  -0.07760
  25.90000	  -0.05477
  26.00000	  -0.07429
  26.10000	  -0.01661
  26.20000	   0.04495
  26.30000	  -0.00137
  26.40000	   0.01670
  26.50000	   0.03820
  26.60000	   0.05655
  26.70000	   0.11020
  26.80000	   0.00836
  26.90000	   0.03071
  27.00000	  -0.05348
  27.10000	  -0.04091
  27.20000	  -0.04687
  27.30000	  -0.05071
  27.40000	  -0.08016
  27.50000	  -0.05347
  27.60000	   0.02267
  27.70000	  -0.00063
  27.80000	   0.03561
  27.90000	  -0.03415
  28.00000	  -0.17411
  28.10000	  -0.13352
  28.20000	  -0.19320
  28.30000	  -0.21227
  28.40000	  -0.25330
  28.50000	  -0.23684
  28.60000	  -0.23555
  28.70000	  -0.34236
  28.80000	  -0.34014
  28.90000	  -0.27510
  29.00000	  -0.27076
  29.10000	  -0.23928
  29.20000	  -0.12261
  29.30000	  -0.10154
  29.40000	  -0.09313
  29.50000	  -0.13021
  29.60000	  -0.07333
  29.70000	  -0.09669
  29.80000	  -0.05198
  29.90000	  -0.09210
  30.00000	  -0.12995
  30.10000	  -0.11540
  30.20000	  -0.05504
  30.30000	   0.01689
  30.40000	  -0.01110
  30.50000	  -0.04255
  30.60000	  -0.05973
  30.70000	  -0.15578
  30.80000	  -0.14162
  30.90000	  -0.10986
  31.00000	  -0.11039
  31.10000	  -0.06720
  31.20000	  -0.04837
  31.30000	  -0.03023
  31.40000	  -0.05130
  31.50000	  -0.08043
  31.60000	  -0.10644
  31.70000	  -0.05989
  31.80000	  -0.06562
  31.90000	  -0.09711
  32.00000	  -0.11643
  32.10000	  -0.13031
  32.20000	  -0.14140
  32.30000	  -0.18740
  32.40000	  -0.12412
  32.50000	  -0.10679
  32.60000	  -0.08660
  32.70000	  -0.00952
  32.80000	   0.00283
  32.90000	   0.06764
  33.00000	   0.11739
  33.10000	   0.03431
  33.20000	  -0.02765
  33.30000	  -0.00034
  33.40000	  -0.01753
  33.50000	  -0.01444
  33.60000	   0.05572
  33.70000	   0.01073
  33.80000	  -0.06180
  33.90000	  -0.07548
  34.00000	  -0.06336
  34.10000	  -0.07412
  34.20000	  -0.06233
  34.30000	  -0.03705
  34.40000	  -0.03406
  34.50000	  -0.02982
  34.60000	   0.03045
  34.70000	  -0.01921
  34.80000	   0.02948
  34.90000	   0.00275
  35.00000	  -0.03611
  35.10000	  -0.02395
  35.20000	   0.04758
  35.30000	   0.01741
  35.40000	   0.03162
  35.50000	  -0.02348
  35.60000	  -0.14263
  35.70000	  -0.25573
  35.80000	  -0.28150
  35.90000	  -0.24983
  36.00000	  -0.22977
  36.10000	  -0.22172
  36.20000	  -0.19598
  36.30000	  -0.20235
  36.40000	  -0.17724
  36.50000	  -0.21006
  36.60000	  -0.18191
  36.70000	  -0.11386
  36.80000	  -0.03261
  36.90000	   0.01896
  37.00000	   0.04006
  37.10000	   0.03808
  37.20000	   0.07329
  37.30000	   0.08898
  37.40000	   0.05602
  37.50000	   0.08825
  37.60000	   0.10989
  37.70000	   0.14727
  37.80000	   0.04774
  37.90000	   0.07760
  38.00000	   0.07751
  38.10000	   0.00761
  38.20000	  -0.01320
  38.30000	   0.03458
  38.40000	   0.03116
  38.50000	   0.12044
  38.60000	   0.09682
  38.70000	   0.12673
  38.80000	   0.07561
  38.90000	   0.02657
  39.00000	   0.03998
  39.10000	  -0.03276
  39.20000	  -0.01443
  39.30000	  -0.03046
  39.40000	  -0.02541
  39.50000	   0.03724
  39.60000	   0.10373
  39.70000	   0.17720
  39.80000	   0.19174
  39.90000	   0.21095
  40.00000	   0.22806
  40.10000	   0.21281
  40.20000	   0.27117
  40.30000	   0.25721
  40.40000	   0.23571
  40.50000	   0.24004
  40.60000	   0.24862
  40.70000	   0.26483
  40.80000	   0.27135
  40.90000	   0.23934
  41.00000	   0.19858
  41.10000	   0.18504
  41.20000	   0.18925
  41.30000	   0.20904
  41.40000	   0.18965
  41.50000	   0.05948
  41.60000	  -0.01093
  41.70000	  -0.01941
  41.80000	   0.00715
  41.90000	  -0.01347
  42.00000	  -0.00344
  42.10000	   0.06154
  42.20000	   0.06711
  42.30000	  -0.01731
  42.40000	  -0.02931
  42.50000	  -0.01666
  42.60000	   0.01864
  42.70000	   0.03831
  42.80000	   0.09883
  42.90000	   0.08816
  43.00000	   0.05447
  43.10000	  -0.00005
  43.20000	  -0.01631
  43.30000	   0.00613
  43.40000	  -0.04306
  43.50000	  -0.03470
  43.60000	  -0.03879
  43.70000	  -0.00339
  43.80000	  -0.02131
  43.90000	   0.05158
  44.00000	   0.06190
  44.10000	   0.10619
  44.20000	  -0.00651
  44.30000	  -0.08553
  44.40000	  -0.13414
  44.50000	  -0.01608
  44.60000	   0.05926
  44.70000	   0.08235
  44.80000	   0.16584
  44.90000	   0.22283
  45.00000	   0.18191
  45.10000	   0.18490
  45.20000	   0.18330
  45.30000	   0.19302
  45.40000	   0.25560
  45.50000	   0.28427
  45.60000	   0.33061
  45.70000	   0.33155
  45.80000	   0.28563
  45.90000	   0.28895
  46.00000	   0.28683
  46.10000	   0.30179
  46.20000	   0.29313
  46.30000	   0.25225
  46.40000	   0.23536
  46.50000	   0.18359
  46.60000	   0.18130
  46.70000	   0.12984
  46.80000	   0.18658
  46.90000	   0.26828
  47.00000	   0.26180
  47.10000	   0.19166
  47.20000	   0.22720
  47.30000	   0.30455
  47.40000	   0.26304
  47.50000	   0.31685
  47.60000	   0.32507
  47.70000	   0.26713
  47.80000	   0.30897
  47.90000	   0.39332
  48.00000	   0.41893
  48.10000	   0.37888
  48.20000	   0.34808
  48.30000	   0.32639
  48.40000	   0.22811
  48.50000	   0.11693
  48.60000	   0.11277
  48.70000	   0.07864
  48.80000	   0.08918
  48.90000	   0.05622
  49.00000	   0.07865
  49.10000	   0.07171
  49.20000	   0.16663
  49.30000	   0.17218
  49.40000	   0.11142
  49.50000	   0.11413
  49.60000	   0.09317
  49.70000	   0.08933
  49.80000	   0.07396
  49.90000	   0.05278
  50.00000	   0.08970
  50.10000	   0.13025
  50.20000	   0.20401
  50.30000	   0.16321
  50.40000	   0.11967
  50.50000	   0.19148
  50.60000	   0.19465
  50.70000	   0.19577
  50.80000	   0.13176
  50.90000	   0.15849
  51.00000	   0.16600
  51.10000	   0.14331
  51.20000	   0.12130
  51.30000	   0.04201
  51.40000	  -0.02197
  51.50000	  -0.00185
  51.60000	  -0.08029
  51.70000	  -0.03814
  51.80000	  -0.05978
  51.90000	  -0.00066
  52.00000	   0.05047
  52.10000	   0.06949
  52.20000	   0.08773
  52.30000	   0.12528
  52.40000	   0.13876
  52.50000	   0.16206
  52.60000	   0.14384
  52.70000	   0.12343
  52.80000	   0.18106
  52.90000	   0.14021
  53.00000	   0.11757
  53.10000	   0.11455
  53.20000	   0.15178
  53.30000	   0.23068
  53.40000	   0.24991
  53.50000	   0.17531
  53.60000	   0.11002
  53.70000	   0.04420
  53.80000	   0.02910
  53.90000	   0.03517
  54.00000	   0.04372
  54.10000	   0.03821
  54.20000	   0.04554
  54.30000	   0.01214
  54.40000	  -0.03832
  54.50000	  -0.08929
  54.60000	  -0.12430
  54.70000	  -0.07865
  54.80000	  -0.10031
  54.90000	  -0.07108
  55.00000	  -0.10083
  55.10000	  -0.04161
  55.20000	  -0.04719
  55.30000	   0.01570
  55.40000	   0.02400
  55.50000	   0.01505
  55.60000	   0.01790
  55.70000	  -0.03382
  55.80000	   0.06986
  55.90000	  -0.01212
  56.00000	   0.02981
  56.10000	   0.05833
  56.20000	   0.07435
  56.30000	   0.01188
  56.40000	   0.13499
  56.50000	   0.13297
  56.60000	   0.07332
  56.70000	   0.06257
  56.80000	   0.05079
  56.90000	   0.04024
  57.00000	   0.08293
  57.10000	  -0.03100
  57.20000	   0.00335
  57.30000	   0.04712
  57.40000	   0.03989
  57.50000	   0.02443
  57.60000	  -0.00852
  57.70000	  -0.01232
  57.80000	   0.10850
  57.90000	   0.09248
  58.00000	  -0.01591
  58.10000	  -0.10345
  58.20000	  -0.12687
  58.30000	  -0.15290
  58.40000	  -0.20257
  58.50000	  -0.08558
  58.60000	  -0.04648
  58.70000	  -0.06121
  58.80000	  -0.03067
  58.90000	  -0.12811
  59.00000	  -0.07148
  59.10000	  -0.11498
  59.20000	  -0.03028
  59.30000	  -0.00183
  59.40000	   0.07450
  59.50000	   0.04808
  59.60000	   0.04694
  59.70000	   0.04514
  59.80000	  -0.02478
  59.90000	   0.04307
  60.00000	   0.10329
  60.10000	   0.04629
  60.20000	   0.00056
  60.30000	  -0.07636
  60.40000	  -0.07938
  60.50000	  -0.09064
  60.60000	  -0.11097
  60.70000	  -0.10587
  60.80000	  -0.01566
  60.90000	   0.09963
  61.00000	   0.10612
  61.10000	   0.12157
  61.20000	   0.12863
  61.30000	   0.11570
  61.40000	   0.16558
  61.50000	   0.16778
  61.60000	   0.19392
  61.70000	   0.22117
  61.80000	   0.24333
  61.90000	   0.26155
  62.00000	   0.29112
  62.10000	   0.19646
  62.20000	   0.11909
  62.30000	   0.00852
  62.40000	  -0.05602
  62.50000	  -0.12189
  62.60000	  -0.07406
  62.70000	  -0.07828
  62.80000	  -0.12266
  62.90000	  -0.06520
  63.00000	  -0.01597
  63.10000	  -0.00535
  63.20000	   0.11769
  63.30000	   0.07624
  63.40000	   0.01753
  63.50000	  -0.00103
  63.60000	  -0.01767
  63.70000	  -0.07128
  63.80000	  -0.07161
  63.90000	   0.02557
  64.00000	   0.00129
  64.10000	  -0.09733
  64.20000	  -0.07496
  64.30000	  -0.03064
  64.40000	  -0.03109
  64.50000	  -0.17072
  64.60000	  -0.24522
  64.70000	  -0.25228
  64.80000	  -0.23543
  64.90000	  -0.27521
  65.00000	  -0.27476
  65.10000	  -0.24246
  65.20000	  -0.20024
  65.30000	  -0.24430
  65.40000	  -0.25177
  65.50000	  -0.21076
  65.60000	  -0.10969
  65.70000	  -0.03234
  65.80000	  -0.01816
  65.90000	  -0.18602
  66.00000	  -0.24786
  66.10000	  -0.24806
  66.20000	  -0.17299
  66.30000	  -0.20337
  66.40000	  -0.12257
  66.50000	  -0.16814
  66.60000	  -0.13815
  66.70000	  -0.12199
  66.80000	  -0.04574
  66.90000	  -0.06300
  67.00000	  -0.05227
  67.10000	  -0.05894
  67.20000	  -0.07363
  67.30000	  -0.01480
  67.40000	   0.02540
  67.50000	   0.01812
  67.60000	   0.01935
  67.70000	   0.01110
  67.80000	  -0.02155
  67.90000	   0.00916
  68.00000	   0.02217
  68.10000	  -0.08070
  68.20000	  -0.16226
  68.30000	  -0.21616
  68.40000	  -0.25780
  68.50000	  -0.27597
  68.60000	  -0.20829
  68.70000	  -0.11329
  68.80000	  -0.03199
  68.90000	  -0.05227
  69.00000	  -0.09079
  69.10000	  -0.00005
  69.20000	  -0.02346
  69.30000	  -0.01876
  69.40000	   0.02819
  69.50000	   0.05703
  69.60000	  -0.01884
  69.70000	   0.01410
  69.80000	   0.02443
  69.90000	   0.04236
  70.00000	   0.04526
  70.10000	   0.02572
  70.20000	  -0.06645
  70.30000	  -0.04833
  70.40000	   0.01125
  70.50000	   0.04438
  70.60000	   0.06619
  70.70000	   0.02493
  70.80000	   0.04077
  70.90000	   0.00373
  71.00000	  -0.04994
  71.10000	  -0.00223
  71.20000	   0.01570
  71.30000	  -0.00473
  71.40000	   0.03926
  71.50000	  -0.06951
  71.60000	  -0.02934
  71.70000	  -0.03411
  71.80000	  -0.12827
  71.90000	  -0.11277
  72.00000	  -0.13991
  72.10000	  -0.14257
  72.20000	  -0.18301
  72.30000	  -0.11129
  72.40000	  -0.02085
  72.50000	  -0.05392
  72.60000	  -0.06076
  72.70000	  -0.02473
  72.80000	   0.05368
  72.90000	   0.08031
  73.00000	   0.11704
  73.10000	   0.11323
  73.20000	   0.13071
  73.30000	   0.19008
  73.40000	   0.14842
  73.50000	   0.22630
  73.60000	   0.19723
  73.70000	   0.16433
  73.80000	   0.20945
  73.90000	   0.09902
  74.00000	   0.15718
  74.10000	   0.05697
  74.20000	   0.02311
  74.30000	   0.00736
  74.40000	  -0.01546
  74.50000	  -0.02217
  74.60000	  -0.12463
  74.70000	  -0.14293
  74.80000	  -0.19372
  74.90000	  -0.18196
  75.00000	  -0.18558
  75.10000	  -0.18492
  75.20000	  -0.13347
  75.30000	  -0.13145
  75.40000	  -0.09782
  75.50000	   0.06807
  75.60000	   0.08295
  75.70000	   0.05078
  75.80000	   0.05089
  75.90000	   0.03292
  76.00000	   0.02318
  76.10000	   0.05810
  76.20000	   0.10551
  76.30000	   0.06863
  76.40000	   0.03528
  76.50000	  -0.05561
  76.60000	   0.02128
  76.70000	   0.04273
  76.80000	   0.04620
  76.90000	   0.04034
  77.00000	   0.03310
  77.10000	   0.03537
  77.20000	   0.13211
  77.30000	   0.12836
  77.40000	   0.13189
  77.50000	   0.03072
  77.60000	   0.00722
  77.70000	   0.01193
  77.80000	  -0.00397
  77.90000	  -0.09122
  78.00000	  -0.12595
  78.10000	  -0.05732
  78.20000	  -0.05705
  78.30000	  -0.07765
  78.40000	  -0.08655
  78.50000	  -0.09266
  78.60000	  -0.15907
  78.70000	  -0.14830
  78.80000	  -0.07406
  78.90000	  -0.07110
  79.00000	  -0.08906
  79.10000	  -0.07019
  79.20000	  -0.02503
  79.30000	  -0.05016
  79.40000	  -0.11008
  79.50000	  -0.09830
  79.60000	  -0.00547
  79.70000	   0.01754
  79.80000	   0.06368
  79.90000	   0.14314
  80.00000	   0.13527
  80.10000	   0.12170
  80.20000	   0.14013
  80.30000	   0.05975
  80.40000	   0.01415
  80.50000	   0.07169
  80.60000	   0.06096
  80.70000	   0.12339
  80.80000	   0.06550
  80.90000	  -0.02040
  81.00000	  -0.00975
  81.10000	   0.01781
  81.20000	   0.04292
  81.30000	   0.09761
  81.40000	   0.09058
  81.50000	   0.15302
  81.60000	   0.13883
  81.70000	   0.15050
  81.80000	   0.13218
  81.90000	   0.05055
  82.00000	   0.05101
  82.10000	   0.02731
  82.20000	  -0.00353
  82.30000	  -0.01587
  82.40000	  -0.07244
  82.50000	  -0.15314
  82.60000	  -0.11170
  82.70000	  -0.04053
  82.80000	   0.00266
  82.90000	   0.01830
  83.00000	  -0.00099
  83.10000	   0.05688
  83.20000	   0.04912
  83.30000	   0.05308
  83.40000	   0.07828
  83.50000	   0.10020
  83.60000	   0.08948
  83.70000	   0.06835
  83.80000	   0.02010
  83.90000	  -0.01698
  84.00000	   0.01999
  84.10000	  -0.03087
  84.20000	  -0.04774
  84.30000	  -0.01454
  84.40000	  -0.01666
  84.50000	  -0.03948
  84.60000	   0.01124
  84.70000	   0.07240
  84.80000	   0.04926
  84.90000	   0.00410
  85.00000	   0.05750
  85.10000	   0.13398
  85.20000	   0.09173
  85.30000	   0.14407
  85.40000	   0.12880
  85.50000	   0.12480
  85.60000	   0.07223
  85.70000	   0.04422
  85.80000	   0.01649
  85.90000	   0.06989
  86.00000	   0.07647
  86.10000	   0.09557
  86.20000	   0.07396
  86.30000	   0.07517
  86.40000	  -0.01557
  86.50000	  -0.02851
  86.60000	   0.02840
  86.70000	   0.05638
  86.80000	   0.04112
  86.90000	   0.05602
  87.00000	   0.06102
  87.10000	   0.08554
  87.20000	   0.12672
  87.30000	   0.14671
  87.40000	   0.09783
  87.50000	   0.20086
  87.60000	   0.25641
  87.70000	   0.10228
  87.80000	   0.06933
  87.90000	   0.07354
  88.00000	  -0.02414
  88.10000	   0.02104
  88.20000	   0.05802
  88.30000	   0.08293
  88.40000	   0.05926
  88.50000	   0.14223
  88.60000	   0.17756
  88.70000	   0.22482
  88.80000	   0.10375
  88.90000	   0.12691
  89.00000	   0.10192
  89.10000	   0.13902
  89.20000	   0.06284
  89.30000	  -0.07494
  89.40000	  -0.16580
  89.50000	  -0.09719
  89.60000	  -0.09920
  89.70000	  -0.12005
  89.80000	  -0.15381
  89.90000	  -0.23743
  90.00000	  -0.25938
  90.10000	  -0.21900
  90.20000	  -0.27588
  90.30000	  -0.23228
  90.40000	  -0.09900
  90.50000	  -0.13078
  90.60000	  -0.15354
  90.70000	  -0.14454
  90.80000	  -0.14913
  90.90000	  -0.14782
  91.00000	  -0.06849
  91.10000	  -0.04529
  91.20000	   0.05616
  91.30000	   0.03207
  91.40000	   0.06041
  91.50000	   0.15633
  91.60000	   0.14599
  91.70000	   0.13095
  91.80000	   0.23330
  91.90000	   0.30618
  92.00000	   0.26223
  92.10000	   0.30860
  92.20000	   0.31260
  92.30000	   0.28951
  92.40000	   0.23957
  92.50000	   0.15662
  92.60000	   0.22222
  92.70000	   0.23349
  92.80000	   0.21634
  92.90000	   0.24080
  93.00000	   0.27861
  93.10000	   0.31363
  93.20000	   0.26276
  93.30000	   0.33760
  93.40000	   0.24583
  93.50000	   0.12773
  93.60000	   0.13527
  93.70000	   0.14724
  93.80000	   0.16311
  93.90000	   0.16098
  94.00000	   0.19215
  94.10000	   0.11685
  94.20000	   0.10623
  94.30000	   0.08758
  94.40000	   0.02056
  94.50000	   0.00541
  94.60000	   0.02915
  94.70000	   0.01935
  94.80000	   0.02371
  94.90000	   0.05665
  95.00000	   0.13115
  95.10000	   0.14403
  95.20000	   0.15668
  95.30000	   0.05455
  95.40000	   0.02433
  95.50000	   0.11325
  95.60000	   0.10456
  95.70000	   0.10264
  95.80000	   0.13462
  95.90000	   0.22857
  96.00000	   0.14136
  96.10000	   0.04478
  96.20000	   0.04177
  96.30000	  -0.08045
  96.40000	  -0.18514
  96.50000	  -0.09381
  96.60000	  -0.15682
  96.70000	  -0.12896
  96.80000	  -0.17021
  96.90000	  -0.30069
  97.00000	  -0.29300
  97.10000	  -0.19295
  97.20000	  -0.22883
  97.30000	  -0.24842
  97.40000	  -0.17703
  97.50000	  -0.20304
  97.60000	  -0.14364
  97.70000	  -0.13750
  97.80000	  -0.11915
  97.90000	  -0.10864
  98.00000	  -0.11636
  98.10000	  -0.09700
  98.20000	  -0.01265
  98.30000	   0.06443
  98.40000	   0.02548
  98.50000	   0.00895
  98.60000	   0.01930
  98.70000	   0.00963
  98.80000	   0.01367
  98.90000	   0.05276
  99.00000	   0.09070
  99.10000	   0.11653
  99.20000	   0.04082
  99.30000	   0.03213
  99.40000	   0.09939
  99.50000	   0.15060
  99.60000	   0.17554
  99.70000	   0.17670
  99.80000	   0.21014
  99.90000	   0.23301
