# gamma	ks
  16.01666	  32.25875
   0.00000	   0.00566
   0.10000	   0.10297
   0.20000	   0.04444
   0.30000	  -0.01963
   0.40000	  -0.09197
   0.50000	  -0.09988
   0.60000	  -0.09020
   0.70000	  -0.11660
   0.80000	  -0.07925
   0.90000	  -0.00465
   1.00000	   0.15930
   1.10000	   0.25086
   1.20000	   0.26942
   1.30000	   0.18810
   1.40000	   0.19037
   1.50000	   0.17440
   1.60000	   0.14134
   1.70000	   0.17074
   1.80000	   0.19353
   1.90000	   0.17687
   2.00000	   0.05382
   2.10000	   0.09156
   2.20000	   0.08360
   2.30000	   0.10064
   2.40000	   0.22608
   2.50000	   0.31049
   2.60000	   0.32868
   2.70000	   0.29860
   2.80000	   0.21123
   2.90000	   0.08794
   3.00000	  -0.01147
   3.10000	   0.01005
   3.20000	   0.07038
   3.30000	   0.11948
   3.40000	   0.16152
   3.50000	   0.06980
   3.60000	  -0.05001
   3.70000	  -0.12541
   3.80000	  -0.07846
   3.90000	  -0.01466
   4.00000	  -0.00619
   4.10000	   0.02686
   4.20000	  -0.01557
   4.30000	  -0.00620
   4.40000	  -0.03204
   4.50000	   0.11584
   4.60000	   0.13633
   4.70000	   0.03655
   4.80000	  -0.10835
   4.90000	  -0.18397
   5.00000	  -0.30283
   5.10000	  -0.24969
   5.20000	  -0.13801
   5.30000	   0.00536
   5.40000	   0.00414
   5.50000	   0.09310
   5.60000	   0.00175
   5.70000	  -0.07560
   5.80000	  -0.13361
   5.90000	  -0.21992
   6.00000	  -0.22719
   6.10000	  -0.14417
   6.20000	  -0.04448
   6.30000	  -0.08384
   6.40000	  -0.11790
   6.50000	  -0.12774
   6.60000	  -0.08276
   6.70000	  -0.08715
   6.80000	  -0.11123
   6.90000	  -0.10049
   7.00000	  -0.06535
   7.10000	   0.00653
   7.20000	   0.10050
   7.30000	   0.10514
   7.40000	  -0.01172
   7.50000	  -0.01624
   7.60000	  -0.01628
   7.70000	   0.03009
   7.80000	   0.06525
   7.90000	  -0.12094
   8.00000	  -0.11815
   8.10000	  -0.07728
   8.20000	  -0.02380
   8.30000	  -0.06764
   8.40000	  -0.19027
   8.50000	  -0.17890
   8.60000	  -0.14118
   8.70000	  -0.11163
   8.80000	  -0.11689
   8.90000	  -0.28549
   9.00000	  -0.32518
   9.10000	  -0.24678
   9.20000	  -0.25713
   9.30000	  -0.16655
   9.40000	  -0.02663
   9.50000	  -0.11895
   9.60000	  -0.17846
   9.70000	  -0.06220
   9.80000	   0.02449
   9.90000	   0.00812
  10.00000	  -0.01977
  10.10000	  -0.04339
  10.20000	  -0.02279
  10.30000	   0.02802
  10.40000	   0.17998
  10.50000	   0.14738
  10.60000	   0.00221
  10.70000	   0.00223
  10.80000	   0.04173
  10.90000	  -0.02263
  11.00000	  -0.11213
  11.10000	  -0.18192
  11.20000	  -0.32283
  11.30000	  -0.29339
  11.40000	  -0.43624
  11.50000	  -0.53501
  11.60000	  -0.62089
  11.70000	  -0.51837
  11.80000	  -0.53329
  11.90000	  -0.51871
  12.00000	  -0.56740
  12.10000	  -0.45311
  12.20000	  -0.40435
  12.30000	  -0.37160
  12.40000	  -0.34573
  12.50000	  -0.35563
  12.60000	  -0.21482
  12.70000	  -0.16278
  12.80000	  -0.02452
  12.90000	   0.05502
  13.00000	   0.07357
  13.10000	   0.14703
  13.20000	   0.18097
  13.30000	   0.05424
  13.40000	   0.08110
  13.50000	   0.07612
  13.60000	   0.16760
  13.70000	   0.26880
  13.80000	   0.24125
  13.90000	   0.29508
  14.00000	   0.26318
  14.10000	   0.25296
  14.20000	   0.24114
  14.30000	   0.19644
  14.40000	  -0.00710
  14.50000	  -0.02754
  14.60000	   0.01716
  14.70000	   0.05077
  14.80000	   0.05747
  14.90000	   0.05658
  15.00000	   0.15319
  15.10000	   0.21766
  15.20000	   0.17117
  15.30000	   0.16428
  15.40000	   0.23497
  15.50000	   0.19688
  15.60000	   0.25181
  15.70000	   0.21525
  15.80000	   0.10001
  15.90000	   0.01688
  16.00000	  -0.00854
  16.10000	  -0.01940
  16.20000	   0.05264
  16.30000	   0.07543
  16.40000	   0.00028
  16.50000	  -0.06499
  16.60000	  -0.13389
  16.70000	  -0.07773
  16.80000	  -0.13912
  16.90000	   0.04555
  17.00000	   0.16357
  17.10000	   0.27258
  17.20000	   0.23635
  17.30000	  -0.00683
  17.40000	  -0.06578
  17.50000	  -0.17046
  17.60000	  -0.17237
  17.70000	  -0.09675
  17.80000	   0.01560
  17.90000	   0.13604
  18.00000	   0.22970
  18.10000	   0.39417
  18.20000	   0.29351
  18.30000	   0.20310
  18.40000	   0.25249
  18.50000	   0.26221
  18.60000	   0.14888
  18.70000	   0.09314
  18.80000	   0.06639
  18.90000	   0.05126
  19.00000	   0.03712
  19.10000	  -0.02120
  19.20000	  -0.14532
  19.30000	  -0.05140
  19.40000	   0.05319
  19.50000	   0.08862
  19.60000	   0.04948
  19.70000	   0.00233
  19.80000	  -0.03171
  19.90000	  -0.01048
  20.00000	   0.03928
  20.10000	  -0.07826
  20.20000	  -0.20552
  20.30000	  -0.21553
  20.40000	  -0.19969
  20.50000	  -0.20265
  20.60000	  -0.11306
  20.70000	  -0.05775
  20.80000	   0.04342
  20.90000	   0.02344
  21.00000	   0.05130
  21.10000	  -0.04797
  21.20000	  -0.16338
  21.30000	  -0.14681
  21.40000	  -0.20318
  21.50000	  -0.18731
  21.60000	  -0.22487
  21.70000	  -0.21290
  21.80000	  -0.29686
  21.90000	  -0.27458
  22.00000	  -0.12342
  22.10000	  -0.05424
  22.20000	   0.10692
  22.30000	   0.14154
  22.40000	  -0.03584
  22.50000	  -0.07807
  22.60000	  -0.05590
  22.70000	   0.05275
  22.80000	   0.20685
  22.90000	   0.15557
  23.00000	   0.22116
  23.10000	   0.20435
  23.20000	   0.31751
  23.30000	   0.39963
  23.40000	   0.52346
  23.50000	   0.44479
  23.60000	   0.42423
  23.70000	   0.38618
  23.80000	   0.36141
  23.90000	   0.37316
  24.00000	   0.40622
  24.10000	   0.50765
  24.20000	   0.43174
  24.30000	   0.32040
  24.40000	   0.28467
  24.50000	   0.15798
  24.60000	   0.18598
  24.70000	   0.27245
  24.80000	   0.28756
  24.90000	   0.17259
  25.00000	   0.14722
  25.10000	   0.14532
  25.20000	   0.09442
  25.30000	   0.01186
  25.40000	   0.00478
  25.50000	   0.10339
  25.60000	   0.23267
  25.70000	   0.30359
  25.80000	   0.36318
  25.90000	   0.32054
  26.00000	   0.25460
  26.10000	   0.22667
  26.20000	   0.13474
  26.30000	   0.06286
  26.40000	  -0.04427
  26.50000	  -0.04926
  26.60000	  -0.07829
  26.70000	  -0.04838
  26.80000	  -0.02795
  26.90000	  -0.04714
  27.00000	   0.03391
  27.10000	   0.00413
  27.20000	   0.07956
  27.30000	   0.01673
  27.40000	  -0.00574
  27.50000	  -0.06778
  27.60000	  -0.05343
  27.70000	  -0.02723
  27.80000	   0.00358
  27.90000	   0.06521
  28.00000	   0.17340
  28.10000	   0.20482
  28.20000	   0.13763
  28.30000	   0.07654
  28.40000	   0.25244
  28.50000	   0.16208
  28.60000	   0.20113
  28.70000	   0.20119
  28.80000	   0.19560
  28.90000	   0.21552
  29.00000	   0.40056
  29.10000	   0.43608
  29.20000	   0.32090
  29.30000	   0.29663
  29.40000	   0.21081
  29.50000	   0.25247
  29.60000	   0.22869
  29.70000	   0.22933
  29.80000	   0.23944
  29.90000	   0.17245
  30.00000	   0.15926
  30.10000	   0.17774
  30.20000	   0.22589
  30.30000	   0.24285
  30.40000	   0.19480
  30.50000	   0.16723
  30.60000	   0.25821
  30.70000	   0.27403
  30.80000	   0.26424
  30.90000	   0.18628
  31.00000	   0.19139
  31.10000	   0.17626
  31.20000	   0.18630
  31.30000	   0.11370
  31.40000	   0.01512
  31.50000	   0.00648
  31.60000	  -0.11666
  31.70000	  -0.12963
  31.80000	  -0.19397
  31.90000	  -0.26734
  32.00000	  -0.11819
  32.10000	  -0.01233
  32.20000	   0.02591
  32.30000	   0.01623
  32.40000	  -0.10207
  32.50000	  -0.18537
  32.60000	  -0.16169
  32.70000	  -0.10078
  32.80000	  -0.06395
  32.90000	   0.03987
  33.00000	   0.11637
  33.10000	   0.19464
  33.20000	   0.23321
  33.30000	   0.21357
  33.40000	   0.13257
  33.50000	   0.06393
  33.60000	  -0.04467
  33.70000	  -0.07933
  33.80000	  -0.03274
  33.90000	   0.15180
  34.00000	   0.29187
  34.10000	   0.31233
  34.20000	   0.41521
  34.30000	   0.53027
  34.40000	   0.50445
  34.50000	   0.46159
  34.60000	   0.43625
  34.70000	   0.19371
  34.80000	   0.10367
  34.90000	   0.08273
  35.00000	  -0.01459
  35.10000	  -0.13410
  35.20000	  -0.22082
  35.30000	  -0.10989
  35.40000	  -0.10710
  35.50000	  -0.14015
  35.60000	  -0.12941
  35.70000	  -0.11997
  35.80000	  -0.10382
  35.90000	   0.02720
  36.00000	   0.17122
  36.10000	   0.17734
  36.20000	   0.04831
  36.30000	   0.07051
  36.40000	   0.11709
  36.50000	   0.07434
  36.60000	  -0.00801
  36.70000	  -0.00827
  36.80000	   0.14341
  36.90000	   0.04689
  37.00000	  -0.10375
  37.10000	  -0.04380
  37.20000	  -0.07051
  37.30000	  -0.15426
  37.40000	  -0.06458
  37.50000	   0.03062
  37.60000	   0.01109
  37.70000	  -0.03953
  37.80000	   0.03605
  37.90000	   0.00935
  38.00000	  -0.01653
  38.10000	  -0.09949
  38.20000	  -0.13198
  38.30000	  -0.18218
  38.40000	  -0.21777
  38.50000	  -0.30477
  38.60000	  -0.31926
  38.70000	  -0.26558
  38.80000	  -0.19993
  38.90000	  -0.05734
  39.00000	   0.01056
  39.10000	   0.08748
  39.20000	   0.13497
  39.30000	   0.16978
  39.40000	   0.07583
  39.50000	  -0.08452
  39.60000	   0.01002
  39.70000	   0.08789
  39.80000	   0.00144
  39.90000	   0.01503
  40.00000	  -0.10682
  40.10000	  -0.10266
  40.20000	  -0.01341
  40.30000	  -0.00018
  40.40000	  -0.01865
  40.50000	  -0.05336
  40.60000	  -0.15618
  40.70000	  -0.15343
  40.80000	  -0.15956
  40.90000	  -0.19346
  41.00000	  -0.14045
  41.10000	  -0.15455
  41.20000	   0.00857
  41.30000	   0.29128
  41.40000	   0.39345
  41.50000	   0.28361
  41.60000	   0.29759
  41.70000	   0.26495
  41.80000	   0.17853
  41.90000	  -0.05339
  42.00000	  -0.08591
  42.10000	  -0.22794
  42.20000	  -0.26237
  42.30000	  -0.18271
  42.40000	  -0.14868
  42.50000	  -0.14523
  42.60000	  -0.21862
  42.70000	  -0.40216
  42.80000	  -0.51818
  42.90000	  -0.47577
  43.00000	  -0.33033
  43.10000	  -0.35944
  43.20000	  -0.32397
  43.30000	  -0.18736
  43.40000	  -0.08569
  43.50000	  -0.09599
  43.60000	  -0.17310
  43.70000	  -0.22903
  43.80000	  -0.24115
  43.90000	  -0.26344
  44.00000	  -0.29295
  44.10000	  -0.30667
  44.20000	  -0.29873
  44.30000	  -0.21613
  44.40000	  -0.03972
  44.50000	   0.09744
  44.60000	   0.12870
  44.70000	   0.00090
  44.80000	  -0.00177
  44.90000	   0.04584
  45.00000	   0.11301
  45.10000	   0.10870
  45.20000	   0.10554
  45.30000	   0.04292
  45.40000	   0.10287
  45.50000	   0.18328
  45.60000	   0.17833
  45.70000	  -0.00847
  45.80000	  -0.00988
  45.90000	   0.03256
  46.00000	   0.13465
  46.10000	   0.15932
  46.20000	   0.09045
  46.30000	   0.05009
  46.40000	   0.10404
  46.50000	   0.09978
  46.60000	   0.07963
  46.70000	  -0.04786
  46.80000	  -0.07715
  46.90000	   0.01362
  47.00000	   0.02171
  47.10000	  -0.01218
  47.20000	   0.07663
  47.30000	   0.03690
  47.40000	  -0.01544
  47.50000	  -0.05623
  47.60000	  -0.01329
  47.70000	  -0.04038
  47.80000	   0.02367
  47.90000	   0.02268
  48.00000	   0.02402
  48.10000	   0.16817
  48.20000	   0.22770
  48.30000	   0.31672
  48.40000	   0.30182
  48.50000	   0.34169
  48.60000	   0.32315
  48.70000	   0.27157
  48.80000	   0.09003
  48.90000	   0.05078
  49.00000	   0.16720
  49.10000	   0.26632
  49.20000	   0.26216
  49.30000	   0.10949
  49.40000	   0.05740
  49.50000	  -0.02631
  49.60000	   0.00752
  49.70000	  -0.09163
  49.80000	  -0.05382
  49.90000	   0.01890
  50.00000	   0.12721
  50.10000	   0.24836
  50.20000	   0.31940
  50.30000	   0.30473
  50.40000	   0.22086
  50.50000	   0.07558
  50.60000	   0.04827
  50.70000	   0.05565
  50.80000	  -0.01224
  50.90000	  -0.03493
  51.00000	  -0.02038
  51.10000	  -0.16529
  51.20000	  -0.15123
  51.30000	  -0.18397
  51.40000	  -0.14612
  51.50000	   0.00058
  51.60000	   0.09141
  51.70000	  -0.04122
  51.80000	  -0.06201
  51.90000	  -0.03495
  52.00000	  -0.05685
  52.10000	  -0.05006
  52.20000	  -0.03278
  52.30000	   0.01402
  52.40000	   0.11830
  52.50000	   0.34864
  52.60000	   0.38066
  52.70000	   0.35551
  52.80000	   0.32930
  52.90000	   0.28457
  53.00000	   0.28410
  53.10000	   0.19780
  53.20000	   0.18225
  53.30000	   0.05142
  53.40000	  -0.06332
  53.50000	  -0.04052
  53.60000	  -0.10410
  53.70000	  -0.14836
  53.80000	  -0.34196
  53.90000	  -0.35432
  54.00000	  -0.30395
  54.10000	  -0.22502
  54.20000	  -0.09521
  54.30000	  -0.10124
  54.40000	  -0.10040
  54.50000	  -0.00233
  54.60000	  -0.00399
  54.70000	   0.01595
  54.80000	  -0.00383
  54.90000	  -0.04239
  55.00000	  -0.04425
  55.10000	  -0.02848
  55.20000	  -0.00451
  55.30000	   0.01239
  55.40000	  -0.05674
  55.50000	  -0.02535
  55.60000	  -0.12845
  55.70000	  -0.18532
  55.80000	  -0.21652
  55.90000	  -0.19847
  56.00000	  -0.06923
  56.10000	   0.02011
  56.20000	  -0.00950
  56.30000	  -0.10370
  56.40000	  -0.16294
  56.50000	  -0.03667
  56.60000	   0.06952
  56.70000	   0.18572
  56.80000	   0.15627
  56.90000	   0.16972
  57.00000	   0.12051
  57.10000	   0.07377
  57.20000	   0.11029
  57.30000	   0.11654
  57.40000	   0.13322
  57.50000	   0.16198
  57.60000	   0.16365
  57.70000	   0.17096
  57.80000	   0.14354
  57.90000	   0.08630
  58.00000	   0.04076
  58.10000	   0.00492
  58.20000	  -0.03412
  58.30000	  -0.10996
  58.40000	  -0.22915
  58.50000	  -0.34727
  58.60000	  -0.44185
  58.70000	  -0.36987
  58.80000	  -0.38220
  58.90000	  -0.40240
  59.00000	  -0.37027
  59.10000	  -0.26947
  59.20000	  -0.10250
  59.30000	  -0.05852
  59.40000	   0.03133
  59.50000	  -0.02761
  59.60000	  -0.01036
  59.70000	  -0.03700
  59.80000	  -0.07057
  59.90000	  -0.11639
  60.00000	  -0.18365
  60.10000	  -0.20360
  60.20000	  -0.16669
  60.30000	  -0.24118
  60.40000	  -0.16266
  60.50000	  -0.06384
  60.60000	  -0.24319
  60.70000	  -0.38038
  60.80000	  -0.43538
  60.90000	  -0.43579
  61.00000	  -0.43954
  61.10000	  -0.44772
  61.20000	  -0.42383
  61.30000	  -0.36468
  61.40000	  -0.35500
  61.50000	  -0.28727
  61.60000	  -0.15567
  61.70000	  -0.17337
  61.80000	  -0.12157
  61.90000	  -0.05398
  62.00000	  -0.01552
  62.10000	  -0.05365
  62.20000	   0.04567
  62.30000	   0.08715
  62.40000	   0.12034
  62.50000	   0.18030
  62.60000	   0.18848
  62.70000	   0.15403
  62.80000	   0.12458
  62.90000	   0.03442
  63.00000	   0.01206
  63.10000	  -0.00242
  63.20000	  -0.02254
  63.30000	  -0.00430
  63.40000	   0.11436
  63.50000	   0.03451
  63.60000	   0.01657
  63.70000	   0.00292
  63.80000	   0.02267
  63.90000	  -0.03352
  64.00000	  -0.03249
  64.10000	  -0.08303
  64.20000	   0.00133
  64.30000	   0.07361
  64.40000	   0.18385
  64.50000	   0.31728
  64.60000	   0.36220
  64.70000	   0.23925
  64.80000	   0.09139
  64.90000	   0.05547
  65.00000	   0.12188
  65.10000	   0.10603
  65.20000	   0.19337
  65.30000	   0.25747
  65.40000	   0.21808
  65.50000	   0.28661
  65.60000	   0.37387
  65.70000	   0.46319
  65.80000	   0.38300
  65.90000	   0.24562
  66.00000	   0.20093
  66.10000	   0.22444
  66.20000	   0.18604
  66.30000	   0.18635
  66.40000	   0.21319
  66.50000	   0.08669
  66.60000	   0.09907
  66.70000	   0.12933
  66.80000	   0.14705
  66.90000	   0.21023
  67.00000	   0.22465
  67.10000	   0.15878
  67.20000	   0.11176
  67.30000	   0.11138
  67.40000	   0.20030
  67.50000	   0.24707
  67.60000	   0.15560
  67.70000	   0.06081
  67.80000	   0.01450
  67.90000	  -0.00934
  68.00000	  -0.11017
  68.10000	  -0.06039
  68.20000	  -0.08629
  68.30000	  -0.15013
  68.40000	  -0.19255
  68.50000	  -0.32689
  68.60000	  -0.35067
  68.70000	  -0.33591
  68.80000	  -0.29239
  68.90000	  -0.15489
  69.00000	  -0.11630
  69.10000	  -0.14186
  69.20000	  -0.17397
  69.30000	  -0.22507
  69.40000	  -0.18600
  69.50000	  -0.17167
  69.60000	  -0.16331
  69.70000	  -0.15159
  69.80000	  -0.05777
  69.90000	   0.12253
  70.00000	   0.38560
  70.10000	   0.45646
  70.20000	   0.24338
  70.30000	  -0.00495
  70.40000	   0.10497
  70.50000	   0.12516
  70.60000	   0.13538
  70.70000	   0.09765
  70.80000	   0.17255
  70.90000	   0.21817
  71.00000	   0.27817
  71.10000	   0.13299
  71.20000	   0.02675
  71.30000	   0.14893
  71.40000	   0.13466
  71.50000	   0.01749
  71.60000	  -0.04649
  71.70000	   0.02472
  71.80000	   0.04883
  71.90000	   0.08382
  72.00000	   0.01917
  72.10000	  -0.02767
  72.20000	  -0.06503
  72.30000	  -0.16826
  72.40000	  -0.23184
  72.50000	  -0.25245
  72.60000	  -0.24626
  72.70000	  -0.23803
  72.80000	  -0.19456
  72.90000	  -0.23513
  73.00000	  -0.31355
  73.10000	  -0.34796
  73.20000	  -0.26919
  73.30000	  -0.23651
  73.40000	  -0.16151
  73.50000	  -0.14841
  73.60000	  -0.09299
  73.70000	  -0.04212
  73.80000	   0.09987
  73.90000	   0.14634
  74.00000	   0.16063
  74.10000	   0.19630
  74.20000	   0.16246
  74.30000	   0.03076
  74.40000	  -0.00738
  74.50000	  -0.01880
  74.60000	   0.00804
  74.70000	   0.00143
  74.80000	   0.01358
  74.90000	   0.06283
  75.00000	   0.10452
  75.10000	   0.07558
  75.20000	   0.16119
  75.30000	   0.06959
  75.40000	  -0.00352
  75.50000	  -0.01984
  75.60000	  -0.08895
  75.70000	  -0.11712
  75.80000	   0.03243
  75.90000	   0.12626
  76.00000	   0.07704
  76.10000	   0.09642
  76.20000	   0.11936
  76.30000	   0.22332
  76.40000	   0.32859
  76.50000	   0.28004
  76.60000	   0.13041
  76.70000	   0.17471
  76.80000	   0.21991
  76.90000	   0.19662
  77.00000	   0.14720
  77.10000	   0.14956
  77.20000	   0.05745
  77.30000	  -0.08144
  77.40000	  -0.07649
  77.50000	  -0.05188
  77.60000	   0.03502
  77.70000	   0.05476
  77.80000	   0.09417
  77.90000	   0.00296
  78.00000	  -0.04200
  78.10000	  -0.00296
  78.20000	  -0.01507
  78.30000	  -0.14937
  78.40000	  -0.06688
  78.50000	   0.00850
  78.60000	  -0.03721
  78.70000	  -0.03468
  78.80000	  -0.04900
  78.90000	   0.17418
  79.00000	   0.20323
  79.10000	   0.10624
  79.20000	   0.01888
  79.30000	   0.00436
  79.40000	   0.08581
  79.50000	   0.13600
  79.60000	   0.18856
  79.70000	   0.12333
  79.80000	   0.09945
  79.90000	   0.28542
  80.00000	   0.30411
  80.10000	   0.20186
  80.20000	   0.07892
  80.30000	  -0.06371
  80.40000	  -0.18266
  80.50000	  -0.16699
  80.60000	  -0.04366
  80.70000	   0.08503
  80.80000	   0.09935
  80.90000	  -0.02710
  81.00000	  -0.11514
  81.10000	  -0.12267
  81.20000	  -0.15833
  81.30000	  -0.18075
  81.40000	  -0.23187
  81.50000	  -0.20042
  81.60000	  -0.21918
  81.70000	  -0.15847
  81.80000	  -0.11374
  81.90000	  -0.27933
  82.00000	  -0.29390
  82.10000	  -0.21513
  82.20000	  -0.13472
  82.30000	  -0.17316
  82.40000	  -0.32158
  82.50000	  -0.36540
  82.60000	  -0.27921
  82.70000	  -0.14944
  82.80000	  -0.02017
  82.90000	   0.08820
  83.00000	   0.21817
  83.10000	   0.13216
  83.20000	   0.08215
  83.30000	   0.06250
  83.40000	   0.09514
  83.50000	   0.09558
  83.60000	   0.07158
  83.70000	   0.09077
  83.80000	   0.04457
  83.90000	  -0.16300
  84.00000	  -0.04990
  84.10000	   0.16274
  84.20000	   0.13957
  84.30000	   0.15643
  84.40000	   0.15026
  84.50000	   0.15804
  84.60000	   0.15864
  84.70000	   0.01533
  84.80000	  -0.08532
  84.90000	  -0.21627
  85.00000	  -0.20756
  85.10000	  -0.24391
  85.20000	  -0.28331
  85.30000	  -0.27903
  85.40000	  -0.15936
  85.50000	  -0.06588
  85.60000	  -0.15862
  85.70000	  -0.17255
  85.80000	  -0.15561
  85.90000	  -0.18938
  86.00000	  -0.10371
  86.10000	  -0.09419
  86.20000	  -0.00938
  86.30000	   0.02182
  86.40000	  -0.10180
  86.50000	  -0.24923
  86.60000	  -0.21900
  86.70000	  -0.10820
  86.80000	   0.00422
  86.90000	   0.06436
  87.00000	   0.08333
  87.10000	   0.02270
  87.20000	   0.07507
  87.30000	   0.12516
  87.40000	   0.20741
  87.50000	   0.22926
  87.60000	   0.32433
  87.70000	   0.41659
  87.80000	   0.50961
  87.90000	   0.48489
  88.00000	   0.38306
  88.10000	   0.27073
  88.20000	   0.10659
  88.30000	   0.14680
  88.40000	   0.16902
  88.50000	   0.18303
  88.60000	   0.20584
  88.70000	   0.25191
  88.80000	   0.15078
  88.90000	   0.06836
  89.00000	   0.06865
  89.10000	   0.04518
  89.20000	  -0.10404
  89.30000	  -0.05923
  89.40000	   0.01276
  89.50000	  -0.06725
  89.60000	  -0.11071
  89.70000	  -0.11906
  89.80000	  -0.26406
  89.90000	  -0.22497
  90.00000	  -0.17755
  90.10000	  -0.21586
  90.20000	  -0.19698
  90.30000	  -0.21653
  90.40000	  -0.13659
  90.50000	  -0.01152
  90.60000	   0.14174
  90.70000	   0.22093
  90.80000	   0.19064
  90.90000	   0.11169
  91.00000	   0.14621
  91.10000	   0.12064
  91.20000	  -0.00502
  91.30000	  -0.07154
  91.40000	  -0.05968
  91.50000	  -0.04276
  91.60000	  -0.07768
  91.70000	  -0.12679
  91.80000	  -0.15104
  91.90000	  -0.17898
  92.00000	  -0.18267
  92.10000	  -0.13305
  92.20000	  -0.09314
  92.30000	  -0.02937
  92.40000	  -0.04219
  92.50000	  -0.16079
  92.60000	  -0.14825
  92.70000	  -0.07862
  92.80000	  -0.08897
  92.90000	  -0.08202
  93.00000	   0.07058
  93.10000	   0.15325
  93.20000	   0.13521
  93.30000	   0.03661
  93.40000	   0.01435
  93.50000	   0.12149
  93.60000	   0.21967
  93.70000	   0.24627
  93.80000	   0.19325
  93.90000	   0.02255
  94.00000	   0.03114
  94.10000	   0.09899
  94.20000	   0.13707
  94.30000	   0.21192
  94.40000	   0.21021
  94.50000	   0.23085
  94.60000	   0.17692
  94.70000	   0.09857
  94.80000	   0.03828
  94.90000	   0.11683
  95.00000	  -0.00510
  95.10000	  -0.06654
  95.20000	   0.03153
  95.30000	   0.05746
  95.40000	   0.02049
  95.50000	  -0.10125
  95.60000	  -0.18314
  95.70000	  -0.09843
  95.80000	   0.01492
  95.90000	   0.06728
  96.00000	   0.08972
  96.10000	   0.00934
  96.20000	   0.03621
  96.30000	   0.05962
  96.40000	   0.15775
  96.50000	   0.26803
  96.60000	   0.30754
  96.70000	   0.20890
  96.80000	   0.23577
  96.90000	   0.38441
  97.00000	   0.28797
  97.10000	   0.30009
  97.20000	   0.20944
  97.30000	   0.24465
  97.40000	   0.29749
  97.50000	   0.21441
  97.60000	   0.03671
  97.70000	   0.01002
  97.80000	   0.07361
  97.90000	   0.22747
  98.00000	   0.17149
  98.10000	   0.16660
  98.20000	   0.07318
  98.30000	   0.05194
  98.40000	  -0.06334
  98.50000	  -0.21141
  98.60000	  -0.30187
  98.70000	  -0.21971
  98.80000	  -0.12873
  98.90000	  -0.11925
  99.00000	   0.03963
  99.10000	   0.09158
  99.20000	   0.14474
  99.30000	   0.01263
  99.40000	  -0.03805
  99.50000	  -0.08313
  99.60000	  -0.00296
  99.70000	  -0.01041
  99.80000	  -0.03643
  99.90000	  -0.05480
