# gamma	ks
  61.33410	  19.19422
   0.00000	  -0.14220
   0.10000	  -0.13168
   0.20000	  -0.14333
   0.30000	  -0.09316
   0.40000	  -0.10912
   0.50000	  -0.20442
   0.60000	  -0.16711
   0.70000	  -0.14486
   0.80000	  -0.13696
   0.90000	  -0.01268
   1.00000	  -0.09737
   1.10000	  -0.05447
   1.20000	  -0.02686
   1.30000	  -0.07584
   1.40000	  -0.13557
   1.50000	  -0.13051
   1.60000	  -0.10143
   1.70000	  -0.11524
   1.80000	  -0.11921
   1.90000	  -0.04144
   2.00000	  -0.06055
   2.10000	  -0.11932
   2.20000	  -0.08484
   2.30000	  -0.06424
   2.40000	  -0.03164
   2.50000	  -0.00140
   2.60000	   0.01435
   2.70000	  -0.04480
   2.80000	   0.04865
   2.90000	  -0.00504
   3.00000	   0.07658
   3.10000	   0.08369
   3.20000	   0.10032
   3.30000	   0.22849
   3.40000	   0.19336
   3.50000	   0.15810
   3.60000	   0.14346
   3.70000	   0.11195
   3.80000	   0.08935
   3.90000	  -0.00273
   4.00000	  -0.00837
   4.10000	  -0.04723
   4.20000	  -0.05753
   4.30000	   0.01139
   4.40000	  -0.06694
   4.50000	  -0.04811
   4.60000	  -0.11950
   4.70000	  -0.19198
   4.80000	  -0.20349
   4.90000	  -0.19592
   5.00000	  -0.26955
   5.10000	  -0.30811
   5.20000	  -0.27059
   5.30000	  -0.22173
   5.40000	  -0.29746
   5.50000	  -0.37290
   5.60000	  -0.39672
   5.70000	  -0.35712
   5.80000	  -0.34051
   5.90000	  -0.31698
   6.00000	  -0.33146
   6.10000	  -0.40708
   6.20000	  -0.35751
   6.30000	  -0.35274
   6.40000	  -0.37023
   6.50000	  -0.38298
   6.60000	  -0.29631
   6.70000	  -0.30959
   6.80000	  -0.24269
   6.90000	  -0.23458
   7.00000	  -0.29490
   7.10000	  -0.29791
   7.20000	  -0.28578
   7.30000	  -0.28965
   7.40000	  -0.35032
   7.50000	  -0.33521
   7.60000	  -0.30842
   7.70000	  -0.30210
   7.80000	  -0.33559
   7.90000	  -0.29117
   8.00000	  -0.33178
   8.10000	  -0.38556
   8.20000	  -0.43977
   8.30000	  -0.39480
   8.40000	  -0.47266
   8.50000	  -0.42222
   8.60000	  -0.36342
   8.70000	  -0.27835
   8.80000	  -0.27422
   8.90000	  -0.26160
   9.00000	  -0.32738
   9.10000	  -0.35763
   9.20000	  -0.27401
   9.30000	  -0.23312
   9.40000	  -0.19585
   9.50000	  -0.27580
   9.60000	  -0.30019
   9.70000	  -0.29014
   9.80000	  -0.26773
   9.90000	  -0.22103
  10.00000	  -0.23723
  10.10000	  -0.23693
  10.20000	  -0.27647
  10.30000	  -0.24152
  10.40000	  -0.27324
  10.50000	  -0.34842
  10.60000	  -0.38770
  10.70000	  -0.39592
  10.80000	  -0.40314
  10.90000	  -0.41743
  11.00000	  -0.38250
  11.10000	  -0.46751
  11.20000	  -0.51775
  11.30000	  -0.59849
  11.40000	  -0.59513
  11.50000	  -0.57233
  11.60000	  -0.48742
  11.70000	  -0.57475
  11.80000	  -0.57396
  11.90000	  -0.55409
  12.00000	  -0.40182
  12.10000	  -0.31698
  12.20000	  -0.34143
  12.30000	  -0.33555
  12.40000	  -0.33410
  12.50000	  -0.37270
  12.60000	  -0.37880
  12.70000	  -0.34136
  12.80000	  -0.34954
  12.90000	  -0.35324
  13.00000	  -0.28248
  13.10000	  -0.19271
  13.20000	  -0.17428
  13.30000	  -0.22647
  13.40000	  -0.17766
  13.50000	  -0.08574
  13.60000	  -0.05938
  13.70000	  -0.04888
  13.80000	   0.02651
  13.90000	   0.13162
  14.00000	   0.27695
  14.10000	   0.24645
  14.20000	   0.29160
  14.30000	   0.26956
  14.40000	   0.32797
  14.50000	   0.28803
  14.60000	   0.21330
  14.70000	   0.24713
  14.80000	   0.32322
  14.90000	   0.35816
  15.00000	   0.34141
  15.10000	   0.29653
  15.20000	   0.24206
  15.30000	   0.15566
  15.40000	   0.10001
  15.50000	   0.11537
  15.60000	   0.12413
  15.70000	   0.08727
  15.80000	   0.09521
  15.90000	   0.09849
  16.00000	   0.19690
  16.10000	   0.10096
  16.20000	   0.09447
  16.30000	   0.10310
  16.40000	   0.13488
  16.50000	   0.17592
  16.60000	   0.14002
  16.70000	  -0.02327
  16.80000	  -0.02835
  16.90000	  -0.04779
  17.00000	  -0.10773
  17.10000	  -0.20511
  17.20000	  -0.15619
  17.30000	  -0.20680
  17.40000	  -0.26465
  17.50000	  -0.24860
  17.60000	  -0.36736
  17.70000	  -0.34111
  17.80000	  -0.32978
  17.90000	  -0.33787
  18.00000	  -0.34471
  18.10000	  -0.21819
  18.20000	  -0.19209
  18.30000	  -0.20490
  18.40000	  -0.20527
  18.50000	  -0.21838
  18.60000	  -0.17876
  18.70000	  -0.23193
  18.80000	  -0.24136
  18.90000	  -0.27734
  19.00000	  -0.27120
  19.10000	  -0.20397
  19.20000	  -0.15360
  19.30000	  -0.12397
  19.40000	  -0.12281
  19.50000	  -0.00643
  19.60000	  -0.12138
  19.70000	  -0.09969
  19.80000	  -0.05644
  19.90000	   0.01677
  20.00000	   0.02704
  20.10000	   0.02256
  20.20000	   0.07532
  20.30000	   0.06895
  20.40000	   0.04388
  20.50000	   0.04383
  20.60000	   0.01502
  20.70000	  -0.00944
  20.80000	  -0.02244
  20.90000	  -0.08338
  21.00000	   0.02381
  21.10000	  -0.01692
  21.20000	  -0.00076
  21.30000	   0.02280
  21.40000	   0.05819
  21.50000	   0.06879
  21.60000	   0.12709
  21.70000	   0.11118
  21.80000	   0.11163
  21.90000	   0.14854
  22.00000	   0.09077
  22.10000	   0.13859
  22.20000	   0.06762
  22.30000	   0.13793
  22.40000	   0.18923
  22.50000	   0.17553
  22.60000	   0.16759
  22.70000	   0.13410
  22.80000	   0.11967
  22.90000	   0.21901
  23.00000	   0.22133
  23.10000	   0.21431
  23.20000	   0.16393
  23.30000	   0.14549
  23.40000	   0.11166
  23.50000	   0.09535
  23.60000	   0.03383
  23.70000	  -0.01313
  23.80000	  -0.04642
  23.90000	   0.02003
  24.00000	   0.01650
  24.10000	   0.01198
  24.20000	   0.00412
  24.30000	  -0.04387
  24.40000	  -0.08323
  24.50000	  -0.05002
  24.60000	  -0.11802
  24.70000	  -0.00439
  24.80000	  -0.01068
  24.90000	   0.05081
  25.00000	   0.09944
  25.10000	   0.14759
  25.20000	   0.16949
  25.30000	   0.20263
  25.40000	   0.17955
  25.50000	   0.18263
  25.60000	   0.11871
  25.70000	   0.09282
  25.80000	   0.05429
  25.90000	   0.06360
  26.00000	   0.02592
  26.10000	   0.04191
  26.20000	   0.08305
  26.30000	   0.10599
  26.40000	   0.20354
  26.50000	   0.17467
  26.60000	   0.21138
  26.70000	   0.15227
  26.80000	   0.22863
  26.90000	   0.23831
  27.00000	   0.25288
  27.10000	   0.29027
  27.20000	   0.26415
  27.30000	   0.28142
  27.40000	   0.23340
  27.50000	   0.21394
  27.60000	   0.17483
  27.70000	   0.13105
  27.80000	   0.06486
  27.90000	   0.11846
  28.00000	   0.04574
  28.10000	  -0.06298
  28.20000	  -0.10269
  28.30000	  -0.17141
  28.40000	  -0.25664
  28.50000	  -0.08511
  28.60000	  -0.09974
  28.70000	  -0.13516
  28.80000	  -0.18416
  28.90000	  -0.25322
  29.00000	  -0.27431
  29.10000	  -0.23007
  29.20000	  -0.27646
  29.30000	  -0.22925
  29.40000	  -0.24866
  29.50000	  -0.24934
  29.60000	  -0.27442
  29.70000	  -0.24276
  29.80000	  -0.22081
  29.90000	  -0.21231
  30.00000	  -0.28160
  30.10000	  -0.38215
  30.20000	  -0.34444
  30.30000	  -0.33096
  30.40000	  -0.30628
  30.50000	  -0.20671
  30.60000	  -0.12790
  30.70000	  -0.10010
  30.80000	  -0.03198
  30.90000	  -0.04285
  31.00000	  -0.11684
  31.10000	  -0.10464
  31.20000	  -0.00620
  31.30000	   0.08701
  31.40000	   0.08120
  31.50000	   0.03306
  31.60000	   0.12421
  31.70000	   0.12835
  31.80000	   0.09478
  31.90000	   0.00836
  32.00000	  -0.00038
  32.10000	  -0.04335
  32.20000	  -0.07506
  32.30000	   0.01359
  32.40000	   0.06586
  32.50000	   0.10769
  32.60000	   0.09666
  32.70000	   0.04224
  32.80000	   0.10444
  32.90000	   0.17386
  33.00000	   0.13300
  33.10000	   0.18610
  33.20000	   0.22431
  33.30000	   0.19599
  33.40000	   0.19707
  33.50000	   0.19371
  33.60000	   0.22916
  33.70000	   0.12754
  33.80000	   0.07981
  33.90000	   0.08530
  34.00000	   0.07045
  34.10000	   0.06725
  34.20000	   0.12578
  34.30000	   0.15964
  34.40000	   0.19522
  34.50000	   0.07589
  34.60000	   0.13218
  34.70000	   0.19528
  34.80000	   0.08797
  34.90000	   0.11787
  35.00000	   0.19758
  35.10000	   0.17422
  35.20000	   0.14573
  35.30000	   0.07174
  35.40000	   0.09252
  35.50000	   0.03118
  35.60000	   0.06146
  35.70000	   0.12733
  35.80000	  -0.02764
  35.90000	  -0.03363
  36.00000	   0.00408
  36.10000	  -0.07185
  36.20000	  -0.11171
  36.30000	   0.02347
  36.40000	   0.09603
  36.50000	   0.04919
  36.60000	  -0.08172
  36.70000	  -0.06510
  36.80000	  -0.08926
  36.90000	  -0.11814
  37.00000	  -0.15014
  37.10000	  -0.12818
  37.20000	  -0.11366
  37.30000	  -0.03536
  37.40000	  -0.05313
  37.50000	  -0.02862
  37.60000	   0.02054
  37.70000	   0.05876
  37.80000	   0.12158
  37.90000	   0.04219
  38.00000	   0.01876
  38.10000	  -0.00134
  38.20000	   0.00678
  38.30000	  -0.02323
  38.40000	  -0.03439
  38.50000	  -0.04707
  38.60000	  -0.04845
  38.70000	  -0.02641
  38.80000	  -0.07235
  38.90000	  -0.09267
  39.00000	  -0.22078
  39.10000	  -0.26933
  39.20000	  -0.17395
  39.30000	  -0.07961
  39.40000	  -0.07043
  39.50000	  -0.05212
  39.60000	  -0.01660
  39.70000	  -0.02491
  39.80000	  -0.11241
  39.90000	  -0.05484
  40.00000	   0.02462
  40.10000	   0.10947
  40.20000	   0.05827
  40.30000	   0.01787
  40.40000	   0.15133
  40.50000	   0.13980
  40.60000	   0.13422
  40.70000	   0.24567
  40.80000	   0.16004
  40.90000	   0.20096
  41.00000	   0.16854
  41.10000	   0.11565
  41.20000	   0.05008
  41.30000	  -0.04014
  41.40000	  -0.00273
  41.50000	  -0.03864
  41.60000	   0.04649
  41.70000	   0.05805
  41.80000	   0.08859
  41.90000	   0.22227
  42.00000	   0.24254
  42.10000	   0.26482
  42.20000	   0.29100
  42.30000	   0.27338
  42.40000	   0.32547
  42.50000	   0.39569
  42.60000	   0.35134
  42.70000	   0.29542
  42.80000	   0.31491
  42.90000	   0.29090
  43.00000	   0.21394
  43.10000	   0.20440
  43.20000	   0.16455
  43.30000	   0.24816
  43.40000	   0.30780
  43.50000	   0.31180
  43.60000	   0.40023
  43.70000	   0.39312
  43.80000	   0.48341
  43.90000	   0.46442
  44.00000	   0.43231
  44.10000	   0.35220
  44.20000	   0.34527
  44.30000	   0.38171
  44.40000	   0.40031
  44.50000	   0.36687
  44.60000	   0.28030
  44.70000	   0.25152
  44.80000	   0.15061
  44.90000	   0.11097
  45.00000	   0.07485
  45.10000	   0.17494
  45.20000	   0.13665
  45.30000	   0.17591
  45.40000	   0.15451
  45.50000	   0.15503
  45.60000	   0.13126
  45.70000	   0.12936
  45.80000	   0.15799
  45.90000	   0.13592
  46.00000	   0.16972
  46.10000	   0.22019
  46.20000	   0.22551
  46.30000	   0.21108
  46.40000	   0.23223
  46.50000	   0.18513
  46.60000	   0.23667
  46.70000	   0.29189
  46.80000	   0.31043
  46.90000	   0.26175
  47.00000	   0.16600
  47.10000	   0.12174
  47.20000	   0.04484
  47.30000	   0.02091
  47.40000	  -0.04007
  47.50000	  -0.03614
  47.60000	  -0.17482
  47.70000	  -0.18990
  47.80000	  -0.25980
  47.90000	  -0.27713
  48.00000	  -0.26914
  48.10000	  -0.19503
  48.20000	  -0.13678
  48.30000	  -0.07591
  48.40000	  -0.15189
  48.50000	  -0.18479
  48.60000	  -0.16880
  48.70000	  -0.03069
  48.80000	   0.00106
  48.90000	  -0.00112
  49.00000	  -0.04865
  49.10000	  -0.11586
  49.20000	  -0.12081
  49.30000	  -0.23419
  49.40000	  -0.31911
  49.50000	  -0.30244
  49.60000	  -0.25759
  49.70000	  -0.24695
  49.80000	  -0.24390
  49.90000	  -0.16174
  50.00000	  -0.13110
  50.10000	  -0.16866
  50.20000	  -0.19305
  50.30000	  -0.09902
  50.40000	  -0.03299
  50.50000	  -0.00587
  50.60000	  -0.00615
  50.70000	  -0.06222
  50.80000	  -0.03066
  50.90000	  -0.02484
  51.00000	  -0.01325
  51.10000	  -0.00261
  51.20000	  -0.06807
  51.30000	  -0.18996
  51.40000	  -0.16602
  51.50000	  -0.07676
  51.60000	   0.00031
  51.70000	  -0.00391
  51.80000	   0.06163
  51.90000	   0.09744
  52.00000	   0.15001
  52.10000	   0.10829
  52.20000	   0.10016
  52.30000	   0.11555
  52.40000	   0.10142
  52.50000	   0.13675
  52.60000	   0.16528
  52.70000	   0.03400
  52.80000	   0.02435
  52.90000	   0.00441
  53.00000	  -0.04301
  53.10000	   0.01837
  53.20000	  -0.02697
  53.30000	  -0.06724
  53.40000	  -0.06516
  53.50000	  -0.13394
  53.60000	  -0.11930
  53.70000	  -0.05559
  53.80000	  -0.10388
  53.90000	  -0.13699
  54.00000	  -0.16452
  54.10000	  -0.09196
  54.20000	  -0.06669
  54.30000	  -0.06095
  54.40000	  -0.00120
  54.50000	  -0.05034
  54.60000	   0.07214
  54.70000	  -0.00577
  54.80000	  -0.05945
  54.90000	   0.04233
  55.00000	   0.01153
  55.10000	   0.02186
  55.20000	   0.00499
  55.30000	  -0.03837
  55.40000	   0.07928
  55.50000	  -0.00098
  55.60000	  -0.00605
  55.70000	  -0.02176
  55.80000	  -0.00152
  55.90000	   0.00193
  56.00000	  -0.02060
  56.10000	  -0.00635
  56.20000	   0.10287
  56.30000	   0.10848
  56.40000	   0.25911
  56.50000	   0.27251
  56.60000	   0.16556
  56.70000	   0.18689
  56.80000	   0.21299
  56.90000	   0.16465
  57.00000	   0.14906
  57.10000	   0.12012
  57.20000	   0.18487
  57.30000	   0.19096
  57.40000	   0.14204
  57.50000	   0.15174
  57.60000	   0.13021
  57.70000	   0.06911
  57.80000	   0.11121
  57.90000	   0.02386
  58.00000	   0.11171
  58.10000	   0.06839
  58.20000	  -0.00199
  58.30000	   0.08425
  58.40000	   0.14236
  58.50000	   0.20875
  58.60000	   0.24168
  58.70000	   0.23582
  58.80000	   0.25493
  58.90000	   0.33563
  59.00000	   0.28939
  59.10000	   0.45992
  59.20000	   0.42999
  59.30000	   0.48021
  59.40000	   0.41919
  59.50000	   0.48761
  59.60000	   0.46137
  59.70000	   0.38230
  59.80000	   0.33356
  59.90000	   0.28062
  60.00000	   0.30590
  60.10000	   0.24415
  60.20000	   0.27368
  60.30000	   0.34441
  60.40000	   0.31681
  60.50000	   0.22104
  60.60000	   0.18101
  60.70000	   0.22344
  60.80000	   0.18154
  60.90000	   0.19120
  61.00000	   0.21982
  61.10000	   0.15643
  61.20000	   0.16407
  61.30000	   0.21177
  61.40000	   0.15909
  61.50000	   0.12407
  61.60000	   0.11751
  61.70000	   0.08547
  61.80000	   0.08000
  61.90000	   0.05461
  62.00000	  -0.03700
  62.10000	   0.08606
  62.20000	   0.06849
  62.30000	  -0.01182
  62.40000	  -0.06490
  62.50000	  -0.16747
  62.60000	  -0.13021
  62.70000	  -0.15453
  62.80000	  -0.16687
  62.90000	  -0.14564
  63.00000	  -0.07543
  63.10000	  -0.09495
  63.20000	  -0.14959
  63.30000	  -0.15157
  63.40000	  -0.05552
  63.50000	  -0.01229
  63.60000	   0.01618
  63.70000	   0.02773
  63.80000	   0.06021
  63.90000	  -0.04322
  64.00000	  -0.11362
  64.10000	  -0.07270
  64.20000	   0.00141
  64.30000	   0.04605
  64.40000	   0.01710
  64.50000	   0.08451
  64.60000	   0.12666
  64.70000	   0.15244
  64.80000	   0.07007
  64.90000	   0.09260
  65.00000	   0.14369
  65.10000	   0.08240
  65.20000	  -0.00674
  65.30000	  -0.01514
  65.40000	   0.03373
  65.50000	  -0.01105
  65.60000	   0.02579
  65.70000	   0.11451
  65.80000	   0.08364
  65.90000	   0.14920
  66.00000	   0.02053
  66.10000	  -0.02760
  66.20000	   0.01720
  66.30000	  -0.02335
  66.40000	  -0.01359
  66.50000	  -0.14940
  66.60000	  -0.12965
  66.70000	  -0.04630
  66.80000	  -0.06822
  66.90000	  -0.01508
  67.00000	  -0.10491
  67.10000	  -0.12630
  67.20000	  -0.23616
  67.30000	  -0.33298
  67.40000	  -0.28718
  67.50000	  -0.32047
  67.60000	  -0.33015
  67.70000	  -0.33409
  67.80000	  -0.41130
  67.90000	  -0.45343
  68.00000	  -0.49845
  68.10000	  -0.50832
  68.20000	  -0.63392
  68.30000	  -0.50024
  68.40000	  -0.55742
  68.50000	  -0.52779
  68.60000	  -0.51306
  68.70000	  -0.43836
  68.80000	  -0.36950
  68.90000	  -0.40166
  69.00000	  -0.42965
  69.10000	  -0.33996
  69.20000	  -0.31342
  69.30000	  -0.31656
  69.40000	  -0.24213
  69.50000	  -0.19377
  69.60000	  -0.17663
  69.70000	  -0.23441
  69.80000	  -0.20735
  69.90000	   0.00116
  70.00000	   0.09427
  70.10000	   0.16307
  70.20000	   0.22769
  70.30000	   0.18669
  70.40000	   0.32391
  70.50000	   0.38493
  70.60000	   0.43540
  70.70000	   0.43836
  70.80000	   0.41568
  70.90000	   0.43324
  71.00000	   0.40942
  71.10000	   0.37919
  71.20000	   0.37998
  71.30000	   0.41664
  71.40000	   0.31544
  71.50000	   0.34084
  71.60000	   0.32341
  71.70000	   0.30531
  71.80000	   0.33015
  71.90000	   0.30833
  72.00000	   0.38500
  72.10000	   0.35512
  72.20000	   0.35677
  72.30000	   0.39005
  72.40000	   0.43277
  72.50000	   0.45850
  72.60000	   0.48610
  72.70000	   0.54968
  72.80000	   0.58065
  72.90000	   0.57548
  73.00000	   0.52523
  73.10000	   0.50057
  73.20000	   0.49584
  73.30000	   0.51342
  73.40000	   0.40801
  73.50000	   0.42528
  73.60000	   0.36675
  73.70000	   0.34174
  73.80000	   0.34303
  73.90000	   0.33259
  74.00000	   0.33833
  74.10000	   0.28739
  74.20000	   0.25131
  74.30000	   0.32310
  74.40000	   0.33603
  74.50000	   0.38961
  74.60000	   0.40275
  74.70000	   0.38528
  74.80000	   0.30661
  74.90000	   0.23083
  75.00000	   0.13854
  75.10000	   0.08275
  75.20000	   0.09536
  75.30000	   0.16884
  75.40000	   0.09884
  75.50000	   0.09910
  75.60000	   0.06965
  75.70000	   0.05371
  75.80000	   0.06713
  75.90000	   0.12220
  76.00000	   0.20964
  76.10000	   0.23949
  76.20000	   0.25582
  76.30000	   0.21168
  76.40000	   0.16342
  76.50000	   0.14319
  76.60000	   0.16306
  76.70000	   0.23670
  76.80000	   0.21111
  76.90000	   0.18580
  77.00000	   0.24472
  77.10000	   0.22954
  77.20000	   0.28254
  77.30000	   0.25360
  77.40000	   0.26232
  77.50000	   0.21936
  77.60000	   0.19684
  77.70000	   0.11480
  77.80000	   0.08413
  77.90000	   0.16587
  78.00000	   0.19908
  78.10000	   0.08745
  78.20000	   0.14479
  78.30000	   0.14681
  78.40000	   0.17432
  78.50000	   0.25212
  78.60000	   0.31124
  78.70000	   0.29231
  78.80000	   0.26254
  78.90000	   0.24187
  79.00000	   0.15738
  79.10000	   0.08384
  79.20000	   0.12488
  79.30000	   0.14865
  79.40000	   0.16560
  79.50000	   0.10710
  79.60000	   0.13137
  79.70000	   0.15662
  79.80000	   0.25091
  79.90000	   0.24974
  80.00000	   0.28377
  80.10000	   0.30822
  80.20000	   0.22493
  80.30000	   0.29734
  80.40000	   0.20490
  80.50000	   0.18813
  80.60000	   0.22940
  80.70000	   0.27209
  80.80000	   0.26531
  80.90000	   0.21513
  81.00000	   0.25625
  81.10000	   0.28952
  81.20000	   0.29668
  81.30000	   0.39440
  81.40000	   0.43949
  81.50000	   0.35653
  81.60000	   0.27972
  81.70000	   0.21886
  81.80000	   0.29553
  81.90000	   0.34105
  82.00000	   0.36456
  82.10000	   0.41784
  82.20000	   0.38862
  82.30000	   0.41733
  82.40000	   0.39640
  82.50000	   0.40589
  82.60000	   0.40000
  82.70000	   0.35972
  82.80000	   0.30428
  82.90000	   0.31097
  83.00000	   0.36841
  83.10000	   0.37817
  83.20000	   0.45538
  83.30000	   0.39383
  83.40000	   0.35879
  83.50000	   0.31742
  83.60000	   0.25195
  83.70000	   0.29922
  83.80000	   0.26666
  83.90000	   0.26598
  84.00000	   0.20891
  84.10000	   0.19520
  84.20000	   0.16742
  84.30000	   0.10625
  84.40000	   0.20700
  84.50000	   0.18571
  84.60000	   0.19338
  84.70000	   0.12228
  84.80000	   0.07261
  84.90000	   0.04188
  85.00000	   0.11024
  85.10000	   0.11718
  85.20000	   0.16358
  85.30000	   0.14187
  85.40000	   0.12246
  85.50000	   0.08588
  85.60000	   0.05865
  85.70000	  -0.05338
  85.80000	  -0.02447
  85.90000	   0.03466
  86.00000	   0.01403
  86.10000	  -0.00461
  86.20000	   0.04984
  86.30000	  -0.03652
  86.40000	  -0.12660
  86.50000	  -0.16281
  86.60000	  -0.14301
  86.70000	  -0.13711
  86.80000	  -0.15715
  86.90000	  -0.16364
  87.00000	  -0.13647
  87.10000	  -0.02580
  87.20000	  -0.05791
  87.30000	  -0.00025
  87.40000	  -0.03172
  87.50000	  -0.03992
  87.60000	   0.05495
  87.70000	   0.00259
  87.80000	   0.03763
  87.90000	   0.13575
  88.00000	   0.08753
  88.10000	   0.01176
  88.20000	  -0.03754
  88.30000	   0.02630
  88.40000	   0.04102
  88.50000	   0.08029
  88.60000	   0.13364
  88.70000	   0.23354
  88.80000	   0.18833
  88.90000	   0.15523
  89.00000	   0.06553
  89.10000	   0.16495
  89.20000	   0.11931
  89.30000	  -0.02908
  89.40000	  -0.03363
  89.50000	  -0.01614
  89.60000	   0.04737
  89.70000	  -0.04903
  89.80000	   0.01235
  89.90000	  -0.00512
  90.00000	  -0.06143
  90.10000	   0.02411
  90.20000	   0.09576
  90.30000	   0.12605
  90.40000	   0.19742
  90.50000	   0.16120
  90.60000	   0.08443
  90.70000	   0.00818
  90.80000	   0.00745
  90.90000	   0.01797
  91.00000	  -0.07979
  91.10000	  -0.07974
  91.20000	  -0.05284
  91.30000	   0.00830
  91.40000	  -0.01652
  91.50000	   0.04397
  91.60000	   0.05572
  91.70000	   0.07156
  91.80000	   0.04471
  91.90000	  -0.04621
  92.00000	  -0.03586
  92.10000	  -0.01535
  92.20000	  -0.05523
  92.30000	  -0.05197
  92.40000	   0.02863
  92.50000	   0.09092
  92.60000	   0.11250
  92.70000	   0.11512
  92.80000	   0.09970
  92.90000	   0.03608
  93.00000	   0.05553
  93.10000	   0.08332
  93.20000	   0.03294
  93.30000	  -0.06567
  93.40000	  -0.13492
  93.50000	  -0.17842
  93.60000	  -0.21383
  93.70000	  -0.24272
  93.80000	  -0.25418
  93.90000	  -0.22697
  94.00000	  -0.24103
  94.10000	  -0.23450
  94.20000	  -0.25958
  94.30000	  -0.32300
  94.40000	  -0.34258
  94.50000	  -0.39807
  94.60000	  -0.40013
  94.70000	  -0.40649
  94.80000	  -0.37165
  94.90000	  -0.30335
  95.00000	  -0.33826
  95.10000	  -0.34695
  95.20000	  -0.36378
  95.30000	  -0.34757
  95.40000	  -0.29703
  95.50000	  -0.24177
  95.60000	  -0.13928
  95.70000	  -0.05909
  95.80000	  -0.06617
  95.90000	  -0.15477
  96.00000	  -0.13042
  96.10000	  -0.07786
  96.20000	  -0.12999
  96.30000	  -0.16089
  96.40000	  -0.15157
  96.50000	  -0.21237
  96.60000	  -0.25543
  96.70000	  -0.20354
  96.80000	  -0.16798
  96.90000	  -0.17656
  97.00000	  -0.16066
  97.10000	  -0.14291
  97.20000	  -0.18098
  97.30000	  -0.29734
  97.40000	  -0.31444
  97.50000	  -0.35103
  97.60000	  -0.35539
  97.70000	  -0.41184
  97.80000	  -0.44904
  97.90000	  -0.51227
  98.00000	  -0.53082
  98.10000	  -0.46212
  98.20000	  -0.53826
  98.30000	  -0.55224
  98.40000	  -0.51063
  98.50000	  -0.56769
  98.60000	  -0.61085
  98.70000	  -0.67114
  98.80000	  -0.72119
  98.90000	  -0.71206
  99.00000	  -0.80733
  99.10000	  -0.68865
  99.20000	  -0.68877
  99.30000	  -0.72206
  99.40000	  -0.72291
  99.50000	  -0.80254
  99.60000	  -0.79852
  99.70000	  -0.70779
  99.80000	  -0.73002
  99.90000	  -0.76466
