# gamma	ks
  15.19427	  40.14573
   0.00000	   0.28220
   0.10000	   0.43236
   0.20000	   0.44372
   0.30000	   0.31079
   0.40000	   0.19248
   0.50000	   0.17365
   0.60000	   0.15782
   0.70000	   0.08160
   0.80000	   0.04335
   0.90000	  -0.02434
   1.00000	  -0.07144
   1.10000	  -0.15526
   1.20000	  -0.13376
   1.30000	  -0.06910
   1.40000	  -0.08634
   1.50000	   0.02234
   1.60000	   0.04994
   1.70000	   0.04893
   1.80000	   0.06326
   1.90000	  -0.02703
   2.00000	  -0.10352
   2.10000	  -0.07630
   2.20000	   0.05093
   2.30000	   0.15829
   2.40000	   0.17742
   2.50000	   0.23630
   2.60000	   0.33830
   2.70000	   0.24407
   2.80000	   0.18216
   2.90000	   0.04489
   3.00000	   0.06188
   3.10000	   0.03273
   3.20000	  -0.03624
   3.30000	  -0.00915
   3.40000	   0.02262
   3.50000	   0.02087
   3.60000	   0.04624
   3.70000	   0.00066
   3.80000	  -0.04299
   3.90000	  -0.18003
   4.00000	  -0.28787
   4.10000	  -0.25207
   4.20000	  -0.15606
   4.30000	  -0.01011
   4.40000	  -0.02645
   4.50000	  -0.04442
   4.60000	  -0.01006
   4.70000	   0.05107
   4.80000	   0.01039
   4.90000	   0.10819
   5.00000	   0.16083
   5.10000	   0.16099
   5.20000	  -0.03173
   5.30000	  -0.09633
   5.40000	  -0.13255
   5.50000	  -0.27117
   5.60000	  -0.29824
   5.70000	  -0.22327
   5.80000	  -0.22845
   5.90000	  -0.23525
   6.00000	  -0.29451
   6.10000	  -0.23860
   6.20000	  -0.11667
   6.30000	  -0.10112
   6.40000	  -0.14370
   6.50000	  -0.21745
   6.60000	  -0.20710
   6.70000	  -0.37952
   6.80000	  -0.30886
   6.90000	  -0.37754
   7.00000	  -0.30256
   7.10000	  -0.35669
   7.20000	  -0.36401
   7.30000	  -0.40413
   7.40000	  -0.38659
   7.50000	  -0.22870
   7.60000	  -0.20773
   7.70000	  -0.11748
   7.80000	  -0.04129
   7.90000	  -0.02783
   8.00000	   0.03919
   8.10000	   0.01289
   8.20000	   0.01793
   8.30000	  -0.07554
   8.40000	  -0.11216
   8.50000	  -0.17792
   8.60000	  -0.21606
   8.70000	  -0.15865
   8.80000	  -0.06129
   8.90000	  -0.06565
   9.00000	  -0.14479
   9.10000	  -0.10746
   9.20000	   0.07263
   9.30000	   0.18517
   9.40000	   0.19185
   9.50000	   0.14484
   9.60000	   0.13892
   9.70000	   0.09396
   9.80000	   0.07360
   9.90000	  -0.05773
  10.00000	  -0.09779
  10.10000	  -0.12263
  10.20000	  -0.13619
  10.30000	  -0.18849
  10.40000	  -0.29143
  10.50000	  -0.40130
  10.60000	  -0.27289
  10.70000	  -0.23503
  10.80000	  -0.03720
  10.90000	   0.00928
  11.00000	   0.03149
  11.10000	  -0.02195
  11.20000	   0.03638
  11.30000	   0.06402
  11.40000	  -0.01991
  11.50000	  -0.07565
  11.60000	  -0.10070
  11.70000	  -0.12529
  11.80000	  -0.11164
  11.90000	  -0.00831
  12.00000	  -0.04165
  12.10000	  -0.06227
  12.20000	  -0.04914
  12.30000	  -0.16874
  12.40000	  -0.22067
  12.50000	  -0.14853
  12.60000	  -0.00766
  12.70000	   0.00144
  12.80000	  -0.02705
  12.90000	   0.01749
  13.00000	   0.05426
  13.10000	   0.06448
  13.20000	   0.00041
  13.30000	   0.03799
  13.40000	   0.10554
  13.50000	   0.16102
  13.60000	   0.21731
  13.70000	   0.22990
  13.80000	   0.23761
  13.90000	   0.16158
  14.00000	  -0.00227
  14.10000	  -0.00136
  14.20000	   0.01794
  14.30000	   0.03725
  14.40000	   0.05462
  14.50000	  -0.06967
  14.60000	  -0.15580
  14.70000	  -0.19250
  14.80000	  -0.13823
  14.90000	  -0.02821
  15.00000	   0.13089
  15.10000	   0.18337
  15.20000	   0.16185
  15.30000	   0.20130
  15.40000	   0.23658
  15.50000	  -0.02002
  15.60000	  -0.18067
  15.70000	  -0.17015
  15.80000	  -0.08913
  15.90000	  -0.10126
  16.00000	  -0.13866
  16.10000	  -0.18593
  16.20000	  -0.19783
  16.30000	  -0.10118
  16.40000	   0.01963
  16.50000	   0.06913
  16.60000	   0.09346
  16.70000	   0.15625
  16.80000	   0.12755
  16.90000	   0.06875
  17.00000	  -0.04600
  17.10000	  -0.20769
  17.20000	  -0.18439
  17.30000	  -0.11369
  17.40000	  -0.08194
  17.50000	  -0.18732
  17.60000	  -0.17314
  17.70000	  -0.11303
  17.80000	  -0.03482
  17.90000	  -0.02459
  18.00000	  -0.00931
  18.10000	   0.01811
  18.20000	  -0.08013
  18.30000	  -0.16869
  18.40000	  -0.19096
  18.50000	  -0.28683
  18.60000	  -0.23952
  18.70000	  -0.08899
  18.80000	   0.00202
  18.90000	   0.01129
  19.00000	  -0.00621
  19.10000	   0.10383
  19.20000	   0.23293
  19.30000	   0.30001
  19.40000	   0.23275
  19.50000	   0.09746
  19.60000	   0.01928
  19.70000	   0.01205
  19.80000	   0.06159
  19.90000	   0.03281
  20.00000	   0.08615
  20.10000	   0.06104
  20.20000	  -0.11719
  20.30000	  -0.05311
  20.40000	  -0.07809
  20.50000	  -0.16237
  20.60000	  -0.24265
  20.70000	  -0.28648
  20.80000	  -0.29644
  20.90000	  -0.23636
  21.00000	  -0.21329
  21.10000	  -0.16992
  21.20000	  -0.07636
  21.30000	   0.00621
  21.40000	   0.03323
  21.50000	   0.10091
  21.60000	   0.11975
  21.70000	   0.10683
  21.80000	   0.08845
  21.90000	   0.10899
  22.00000	   0.22495
  22.10000	   0.10376
  22.20000	   0.14786
  22.30000	   0.25005
  22.40000	   0.26663
  22.50000	   0.17203
  22.60000	   0.18543
  22.70000	   0.23214
  22.80000	   0.14971
  22.90000	   0.09655
  23.00000	  -0.06558
  23.10000	  -0.09728
  23.20000	  -0.20011
  23.30000	  -0.24329
  23.40000	  -0.17904
  23.50000	  -0.16755
  23.60000	  -0.01995
  23.70000	   0.04467
  23.80000	   0.02279
  23.90000	   0.05235
  24.00000	   0.15885
  24.10000	   0.09867
  24.20000	   0.12040
  24.30000	   0.14991
  24.40000	   0.24839
  24.50000	   0.38135
  24.60000	   0.32936
  24.70000	   0.21413
  24.80000	   0.08440
  24.90000	   0.08380
  25.00000	   0.12250
  25.10000	   0.16181
  25.20000	   0.22854
  25.30000	   0.35731
  25.40000	   0.28770
  25.50000	   0.21947
  25.60000	   0.23916
  25.70000	   0.13678
  25.80000	   0.05188
  25.90000	  -0.04957
  26.00000	  -0.08488
  26.10000	  -0.12994
  26.20000	  -0.06957
  26.30000	  -0.03971
  26.40000	  -0.11623
  26.50000	  -0.17251
  26.60000	  -0.16391
  26.70000	  -0.06376
  26.80000	   0.07462
  26.90000	   0.11624
  27.00000	   0.14434
  27.10000	   0.07587
  27.20000	   0.07491
  27.30000	   0.10964
  27.40000	   0.05157
  27.50000	  -0.01297
  27.60000	  -0.04617
  27.70000	  -0.01124
  27.80000	  -0.12596
  27.90000	  -0.24388
  28.00000	  -0.25573
  28.10000	  -0.19672
  28.20000	  -0.29659
  28.30000	  -0.34322
  28.40000	  -0.43913
  28.50000	  -0.32757
  28.60000	  -0.36479
  28.70000	  -0.36141
  28.80000	  -0.31200
  28.90000	  -0.14932
  29.00000	  -0.14332
  29.10000	  -0.12666
  29.20000	  -0.07434
  29.30000	   0.04798
  29.40000	   0.13694
  29.50000	   0.16853
  29.60000	   0.17019
  29.70000	  -0.08936
  29.80000	  -0.15293
  29.90000	  -0.13960
  30.00000	  -0.09106
  30.10000	  -0.00797
  30.20000	   0.04120
  30.30000	  -0.02695
  30.40000	  -0.05401
  30.50000	  -0.09740
  30.60000	  -0.06422
  30.70000	  -0.13684
  30.80000	  -0.23013
  30.90000	  -0.22006
  31.00000	  -0.17025
  31.10000	  -0.08425
  31.20000	  -0.09994
  31.30000	  -0.14058
  31.40000	  -0.15852
  31.50000	  -0.18905
  31.60000	  -0.20600
  31.70000	  -0.19360
  31.80000	  -0.20175
  31.90000	  -0.16854
  32.00000	  -0.04806
  32.10000	  -0.06547
  32.20000	  -0.04279
  32.30000	  -0.15241
  32.40000	   0.01274
  32.50000	   0.09328
  32.60000	   0.07004
  32.70000	  -0.05766
  32.80000	  -0.15464
  32.90000	  -0.13038
  33.00000	  -0.00760
  33.10000	   0.05411
  33.20000	   0.03035
  33.30000	   0.15821
  33.40000	   0.34554
  33.50000	   0.34828
  33.60000	   0.31622
  33.70000	   0.19988
  33.80000	   0.14967
  33.90000	  -0.02496
  34.00000	  -0.13302
  34.10000	  -0.09400
  34.20000	  -0.15147
  34.30000	  -0.04601
  34.40000	   0.00754
  34.50000	   0.06025
  34.60000	   0.13104
  34.70000	   0.03201
  34.80000	   0.00721
  34.90000	  -0.11765
  35.00000	  -0.18271
  35.10000	  -0.20525
  35.20000	  -0.24632
  35.30000	  -0.29353
  35.40000	  -0.23464
  35.50000	  -0.24320
  35.60000	  -0.24950
  35.70000	  -0.24952
  35.80000	  -0.27497
  35.90000	  -0.13090
  36.00000	  -0.07270
  36.10000	  -0.02643
  36.20000	   0.02237
  36.30000	   0.00826
  36.40000	  -0.03794
  36.50000	  -0.14281
  36.60000	  -0.16634
  36.70000	  -0.26402
  36.80000	  -0.14933
  36.90000	  -0.08162
  37.00000	  -0.06413
  37.10000	   0.01664
  37.20000	   0.04338
  37.30000	   0.08169
  37.40000	   0.00928
  37.50000	  -0.04051
  37.60000	   0.04972
  37.70000	   0.10598
  37.80000	   0.12793
  37.90000	  -0.05229
  38.00000	  -0.01375
  38.10000	   0.11071
  38.20000	   0.14182
  38.30000	   0.18213
  38.40000	   0.17188
  38.50000	   0.12993
  38.60000	   0.12421
  38.70000	   0.10148
  38.80000	   0.15586
  38.90000	   0.15754
  39.00000	   0.14233
  39.10000	   0.02175
  39.20000	  -0.03712
  39.30000	   0.01843
  39.40000	  -0.00979
  39.50000	  -0.04128
  39.60000	   0.00411
  39.70000	  -0.02035
  39.80000	   0.00295
  39.90000	  -0.00435
  40.00000	  -0.03973
  40.10000	  -0.13985
  40.20000	  -0.12725
  40.30000	  -0.11302
  40.40000	  -0.18561
  40.50000	  -0.17527
  40.60000	  -0.08797
  40.70000	  -0.12430
  40.80000	  -0.06427
  40.90000	  -0.05069
  41.00000	  -0.13429
  41.10000	  -0.07278
  41.20000	  -0.08707
  41.30000	  -0.05491
  41.40000	  -0.08006
  41.50000	  -0.06965
  41.60000	   0.05066
  41.70000	   0.03237
  41.80000	  -0.09446
  41.90000	  -0.19546
  42.00000	  -0.23083
  42.10000	  -0.16786
  42.20000	  -0.04424
  42.30000	  -0.05424
  42.40000	   0.04606
  42.50000	   0.13168
  42.60000	   0.20906
  42.70000	   0.22022
  42.80000	   0.14423
  42.90000	   0.01750
  43.00000	  -0.06657
  43.10000	  -0.07197
  43.20000	  -0.33261
  43.30000	  -0.42395
  43.40000	  -0.33059
  43.50000	  -0.18808
  43.60000	  -0.06135
  43.70000	  -0.00163
  43.80000	  -0.10649
  43.90000	  -0.10287
  44.00000	  -0.05102
  44.10000	  -0.04316
  44.20000	  -0.01516
  44.30000	   0.12676
  44.40000	   0.24960
  44.50000	   0.29767
  44.60000	   0.21443
  44.70000	   0.18996
  44.80000	   0.15636
  44.90000	   0.04818
  45.00000	   0.11513
  45.10000	   0.11270
  45.20000	   0.05507
  45.30000	  -0.00700
  45.40000	   0.06943
  45.50000	   0.03605
  45.60000	  -0.09531
  45.70000	  -0.09576
  45.80000	  -0.03511
  45.90000	   0.04152
  46.00000	   0.07127
  46.10000	   0.09321
  46.20000	   0.05362
  46.30000	   0.12575
  46.40000	   0.04380
  46.50000	   0.01042
  46.60000	   0.09084
  46.70000	   0.05943
  46.80000	   0.00551
  46.90000	   0.01742
  47.00000	   0.02482
  47.10000	   0.02549
  47.20000	  -0.07187
  47.30000	  -0.20940
  47.40000	  -0.22776
  47.50000	  -0.29417
  47.60000	  -0.19140
  47.70000	  -0.16161
  47.80000	  -0.10422
  47.90000	  -0.03626
  48.00000	   0.03338
  48.10000	   0.06264
  48.20000	  -0.02284
  48.30000	  -0.09323
  48.40000	  -0.25600
  48.50000	  -0.22283
  48.60000	  -0.21899
  48.70000	  -0.22476
  48.80000	  -0.11902
  48.90000	  -0.11324
  49.00000	  -0.11908
  49.10000	  -0.05594
  49.20000	  -0.07530
  49.30000	  -0.00106
  49.40000	   0.05561
  49.50000	   0.05268
  49.60000	   0.02394
  49.70000	  -0.15337
  49.80000	  -0.24092
  49.90000	  -0.23091
  50.00000	  -0.37441
  50.10000	  -0.41948
  50.20000	  -0.34587
  50.30000	  -0.21115
  50.40000	  -0.02321
  50.50000	   0.03415
  50.60000	  -0.01967
  50.70000	  -0.15941
  50.80000	  -0.17166
  50.90000	  -0.08261
  51.00000	  -0.01122
  51.10000	   0.15277
  51.20000	   0.01048
  51.30000	  -0.25590
  51.40000	  -0.24680
  51.50000	  -0.21803
  51.60000	  -0.16539
  51.70000	  -0.20721
  51.80000	  -0.00953
  51.90000	   0.11497
  52.00000	   0.14187
  52.10000	   0.12585
  52.20000	   0.06060
  52.30000	   0.05225
  52.40000	   0.06387
  52.50000	   0.15767
  52.60000	   0.17035
  52.70000	   0.11104
  52.80000	   0.06892
  52.90000	   0.15377
  53.00000	   0.15375
  53.10000	   0.21603
  53.20000	   0.19373
  53.30000	   0.15298
  53.40000	   0.11159
  53.50000	   0.11064
  53.60000	   0.01516
  53.70000	   0.08947
  53.80000	   0.16804
  53.90000	   0.02555
  54.00000	  -0.05078
  54.10000	  -0.00338
  54.20000	   0.04778
  54.30000	   0.04784
  54.40000	   0.12665
  54.50000	   0.16172
  54.60000	   0.13738
  54.70000	   0.09935
  54.80000	  -0.02415
  54.90000	  -0.02653
  55.00000	  -0.03202
  55.10000	  -0.03609
  55.20000	  -0.01510
  55.30000	  -0.06309
  55.40000	   0.08459
  55.50000	   0.07546
  55.60000	   0.02043
  55.70000	  -0.05209
  55.80000	  -0.01318
  55.90000	  -0.08725
  56.00000	  -0.08304
  56.10000	  -0.06723
  56.20000	  -0.07231
  56.30000	  -0.02607
  56.40000	  -0.05458
  56.50000	  -0.08232
  56.60000	  -0.07339
  56.70000	  -0.02519
  56.80000	   0.00710
  56.90000	   0.03028
  57.00000	  -0.00866
  57.10000	   0.06597
  57.20000	   0.07419
  57.30000	   0.10835
  57.40000	  -0.00672
  57.50000	  -0.12753
  57.60000	  -0.22433
  57.70000	  -0.17456
  57.80000	  -0.11060
  57.90000	  -0.04254
  58.00000	   0.01829
  58.10000	  -0.11085
  58.20000	  -0.04995
  58.30000	  -0.05482
  58.40000	  -0.03051
  58.50000	  -0.05032
  58.60000	   0.09341
  58.70000	   0.15584
  58.80000	   0.09726
  58.90000	  -0.03374
  59.00000	  -0.02838
  59.10000	  -0.07863
  59.20000	  -0.09600
  59.30000	  -0.05865
  59.40000	  -0.14141
  59.50000	  -0.16667
  59.60000	  -0.09209
  59.70000	  -0.10053
  59.80000	  -0.18968
  59.90000	  -0.22582
  60.00000	  -0.21460
  60.10000	  -0.20371
  60.20000	  -0.11983
  60.30000	  -0.02952
  60.40000	   0.01509
  60.50000	  -0.07805
  60.60000	  -0.07360
  60.70000	  -0.06086
  60.80000	  -0.02531
  60.90000	   0.00760
  61.00000	  -0.05826
  61.10000	   0.00186
  61.20000	   0.13181
  61.30000	  -0.03351
  61.40000	  -0.03638
  61.50000	  -0.11442
  61.60000	  -0.05955
  61.70000	  -0.05016
  61.80000	  -0.10075
  61.90000	  -0.11468
  62.00000	  -0.10735
  62.10000	  -0.11858
  62.20000	  -0.10525
  62.30000	  -0.16842
  62.40000	  -0.18059
  62.50000	  -0.28946
  62.60000	  -0.26078
  62.70000	  -0.18284
  62.80000	  -0.16776
  62.90000	  -0.21024
  63.00000	  -0.17229
  63.10000	  -0.13872
  63.20000	  -0.09418
  63.30000	  -0.07775
  63.40000	   0.01110
  63.50000	  -0.07040
  63.60000	  -0.04776
  63.70000	  -0.07380
  63.80000	  -0.15082
  63.90000	  -0.13706
  64.00000	  -0.18983
  64.10000	  -0.26413
  64.20000	  -0.22321
  64.30000	  -0.25835
  64.40000	  -0.18824
  64.50000	  -0.10541
  64.60000	   0.02951
  64.70000	   0.12885
  64.80000	   0.13593
  64.90000	   0.08352
  65.00000	   0.12445
  65.10000	   0.05987
  65.20000	   0.02717
  65.30000	   0.02536
  65.40000	  -0.04544
  65.50000	  -0.12365
  65.60000	  -0.15105
  65.70000	  -0.11428
  65.80000	  -0.08082
  65.90000	  -0.17616
  66.00000	  -0.15258
  66.10000	  -0.03883
  66.20000	  -0.10945
  66.30000	  -0.07817
  66.40000	  -0.12385
  66.50000	  -0.06493
  66.60000	  -0.03820
  66.70000	  -0.04837
  66.80000	   0.01614
  66.90000	  -0.01526
  67.00000	  -0.13372
  67.10000	  -0.20793
  67.20000	  -0.28999
  67.30000	  -0.20399
  67.40000	  -0.05009
  67.50000	   0.04077
  67.60000	   0.19539
  67.70000	   0.20060
  67.80000	   0.04175
  67.90000	  -0.07679
  68.00000	  -0.10386
  68.10000	  -0.06782
  68.20000	  -0.07636
  68.30000	  -0.06042
  68.40000	  -0.11634
  68.50000	  -0.11564
  68.60000	  -0.10075
  68.70000	  -0.05620
  68.80000	   0.04917
  68.90000	   0.06235
  69.00000	  -0.03144
  69.10000	  -0.10467
  69.20000	  -0.08459
  69.30000	  -0.06522
  69.40000	  -0.18625
  69.50000	  -0.19969
  69.60000	  -0.02237
  69.70000	   0.00851
  69.80000	  -0.03025
  69.90000	   0.12080
  70.00000	   0.22872
  70.10000	   0.24710
  70.20000	   0.22357
  70.30000	   0.15548
  70.40000	   0.21062
  70.50000	   0.22685
  70.60000	   0.15654
  70.70000	   0.12368
  70.80000	   0.07816
  70.90000	   0.04291
  71.00000	  -0.00874
  71.10000	  -0.04056
  71.20000	  -0.05119
  71.30000	  -0.07494
  71.40000	  -0.11709
  71.50000	  -0.16192
  71.60000	  -0.27032
  71.70000	  -0.35721
  71.80000	  -0.22263
  71.90000	  -0.20144
  72.00000	  -0.17508
  72.10000	  -0.07361
  72.20000	   0.04386
  72.30000	   0.11888
  72.40000	   0.02576
  72.50000	  -0.05802
  72.60000	  -0.04027
  72.70000	   0.02364
  72.80000	  -0.00637
  72.90000	  -0.02354
  73.00000	  -0.26115
  73.10000	  -0.20461
  73.20000	  -0.10494
  73.30000	  -0.14233
  73.40000	  -0.05164
  73.50000	   0.00651
  73.60000	   0.06537
  73.70000	   0.09154
  73.80000	   0.05271
  73.90000	   0.07482
  74.00000	  -0.08122
  74.10000	  -0.08353
  74.20000	  -0.10784
  74.30000	  -0.04448
  74.40000	  -0.00271
  74.50000	  -0.03643
  74.60000	  -0.09438
  74.70000	  -0.02961
  74.80000	   0.00110
  74.90000	   0.03428
  75.00000	   0.09251
  75.10000	   0.19209
  75.20000	   0.12789
  75.30000	   0.06084
  75.40000	   0.10174
  75.50000	   0.13282
  75.60000	   0.05615
  75.70000	  -0.15804
  75.80000	  -0.19611
  75.90000	  -0.15833
  76.00000	  -0.03146
  76.10000	   0.05916
  76.20000	   0.01031
  76.30000	   0.00606
  76.40000	   0.02240
  76.50000	   0.09588
  76.60000	   0.04254
  76.70000	  -0.02907
  76.80000	  -0.20054
  76.90000	  -0.29321
  77.00000	  -0.31788
  77.10000	  -0.26845
  77.20000	  -0.24476
  77.30000	  -0.20683
  77.40000	  -0.21361
  77.50000	  -0.06479
  77.60000	  -0.11323
  77.70000	  -0.13023
  77.80000	  -0.02473
  77.90000	   0.00821
  78.00000	   0.01798
  78.10000	   0.09826
  78.20000	   0.02884
  78.30000	  -0.09124
  78.40000	  -0.17336
  78.50000	  -0.34362
  78.60000	  -0.32401
  78.70000	  -0.36019
  78.80000	  -0.27120
  78.90000	  -0.13817
  79.00000	  -0.14564
  79.10000	  -0.16745
  79.20000	  -0.14409
  79.30000	  -0.11402
  79.40000	  -0.09115
  79.50000	  -0.07761
  79.60000	  -0.07189
  79.70000	  -0.03790
  79.80000	  -0.09290
  79.90000	  -0.03086
  80.00000	   0.04874
  80.10000	   0.01631
  80.20000	  -0.12651
  80.30000	  -0.14537
  80.40000	  -0.13180
  80.50000	  -0.08990
  80.60000	  -0.01374
  80.70000	   0.01532
  80.80000	   0.02281
  80.90000	   0.06517
  81.00000	  -0.02340
  81.10000	  -0.06626
  81.20000	  -0.17705
  81.30000	  -0.23485
  81.40000	  -0.14909
  81.50000	  -0.19563
  81.60000	  -0.19742
  81.70000	  -0.22235
  81.80000	  -0.25996
  81.90000	  -0.15499
  82.00000	  -0.09365
  82.10000	  -0.03884
  82.20000	  -0.01944
  82.30000	  -0.02820
  82.40000	   0.02690
  82.50000	   0.02874
  82.60000	  -0.14155
  82.70000	  -0.21751
  82.80000	  -0.28751
  82.90000	  -0.27821
  83.00000	  -0.23594
  83.10000	  -0.10615
  83.20000	  -0.07825
  83.30000	  -0.16948
  83.40000	  -0.16550
  83.50000	  -0.13000
  83.60000	  -0.14091
  83.70000	  -0.08761
  83.80000	   0.06632
  83.90000	   0.19070
  84.00000	   0.18374
  84.10000	   0.21297
  84.20000	   0.30848
  84.30000	   0.31389
  84.40000	   0.26797
  84.50000	   0.14907
  84.60000	   0.00998
  84.70000	  -0.04966
  84.80000	  -0.05274
  84.90000	  -0.02277
  85.00000	  -0.01029
  85.10000	  -0.18538
  85.20000	  -0.15099
  85.30000	  -0.10661
  85.40000	   0.01757
  85.50000	  -0.01157
  85.60000	   0.10389
  85.70000	   0.15944
  85.80000	   0.16664
  85.90000	   0.08293
  86.00000	   0.11626
  86.10000	   0.22534
  86.20000	   0.21659
  86.30000	   0.23774
  86.40000	   0.27124
  86.50000	   0.22016
  86.60000	   0.23403
  86.70000	   0.19081
  86.80000	   0.21252
  86.90000	   0.08632
  87.00000	   0.01204
  87.10000	   0.00581
  87.20000	  -0.07136
  87.30000	  -0.05997
  87.40000	  -0.00692
  87.50000	   0.02645
  87.60000	  -0.00452
  87.70000	  -0.10265
  87.80000	  -0.11366
  87.90000	  -0.15126
  88.00000	  -0.15761
  88.10000	  -0.16140
  88.20000	  -0.17449
  88.30000	  -0.08133
  88.40000	  -0.06005
  88.50000	   0.02338
  88.60000	   0.08175
  88.70000	   0.15447
  88.80000	   0.09164
  88.90000	   0.01275
  89.00000	  -0.08028
  89.10000	  -0.22550
  89.20000	  -0.28492
  89.30000	  -0.32791
  89.40000	  -0.20867
  89.50000	  -0.16275
  89.60000	  -0.17874
  89.70000	  -0.14033
  89.80000	  -0.09304
  89.90000	  -0.04616
  90.00000	   0.05140
  90.10000	   0.08357
  90.20000	   0.07980
  90.30000	   0.11730
  90.40000	   0.12454
  90.50000	   0.03313
  90.60000	  -0.00068
  90.70000	   0.03040
  90.80000	  -0.00976
  90.90000	   0.04854
  91.00000	  -0.05048
  91.10000	  -0.06100
  91.20000	  -0.17511
  91.30000	  -0.22293
  91.40000	  -0.08398
  91.50000	  -0.09610
  91.60000	  -0.08848
  91.70000	  -0.01496
  91.80000	   0.05602
  91.90000	  -0.04058
  92.00000	  -0.12431
  92.10000	  -0.24163
  92.20000	  -0.12616
  92.30000	  -0.08481
  92.40000	  -0.06808
  92.50000	   0.02041
  92.60000	   0.05851
  92.70000	   0.09095
  92.80000	   0.07383
  92.90000	   0.01912
  93.00000	   0.14942
  93.10000	   0.25254
  93.20000	   0.22611
  93.30000	   0.20596
  93.40000	   0.14357
  93.50000	   0.12446
  93.60000	   0.11316
  93.70000	   0.20570
  93.80000	   0.32130
  93.90000	   0.27009
  94.00000	   0.24087
  94.10000	   0.26479
  94.20000	   0.23716
  94.30000	   0.14824
  94.40000	   0.03691
  94.50000	  -0.00259
  94.60000	   0.02245
  94.70000	   0.08719
  94.80000	   0.17843
  94.90000	   0.25361
  95.00000	   0.17359
  95.10000	   0.06439
  95.20000	   0.15436
  95.30000	   0.24611
  95.40000	   0.29435
  95.50000	   0.32520
  95.60000	   0.47544
  95.70000	   0.54854
  95.80000	   0.53623
  95.90000	   0.44275
  96.00000	   0.21077
  96.10000	   0.00605
  96.20000	  -0.02743
  96.30000	   0.02310
  96.40000	   0.09517
  96.50000	   0.09519
  96.60000	   0.00591
  96.70000	  -0.03124
  96.80000	   0.05373
  96.90000	   0.14045
  97.00000	   0.16632
  97.10000	   0.11226
  97.20000	   0.02132
  97.30000	   0.11635
  97.40000	   0.14545
  97.50000	   0.02659
  97.60000	  -0.05988
  97.70000	  -0.07701
  97.80000	  -0.17146
  97.90000	  -0.30538
  98.00000	  -0.43040
  98.10000	  -0.49334
  98.20000	  -0.37139
  98.30000	  -0.16080
  98.40000	  -0.19343
  98.50000	  -0.21317
  98.60000	  -0.19935
  98.70000	  -0.16936
  98.80000	  -0.14519
  98.90000	  -0.18221
  99.00000	  -0.18928
  99.10000	  -0.06906
  99.20000	   0.02874
  99.30000	  -0.02860
  99.40000	  -0.03596
  99.50000	   0.01382
  99.60000	   0.13127
  99.70000	   0.07208
  99.80000	   0.10808
  99.90000	   0.29147
