# gamma	ks
  59.26844	  90.46957
   0.00000	  -0.02973
   0.10000	  -0.11634
   0.20000	  -0.09765
   0.30000	  -0.03757
   0.40000	  -0.07070
   0.50000	  -0.04129
   0.60000	   0.07291
   0.70000	   0.03102
   0.80000	   0.05872
   0.90000	   0.05359
   1.00000	  -0.02695
   1.10000	  -0.08283
   1.20000	  -0.13329
   1.30000	  -0.02224
   1.40000	  -0.06724
   1.50000	   0.02920
   1.60000	   0.02937
   1.70000	   0.07812
   1.80000	   0.15456
   1.90000	   0.08417
   2.00000	   0.01114
   2.10000	   0.03844
   2.20000	   0.02578
   2.30000	  -0.00185
   2.40000	  -0.00165
   2.50000	  -0.00489
   2.60000	  -0.02903
   2.70000	  -0.04909
   2.80000	  -0.11225
   2.90000	  -0.16836
   3.00000	  -0.07849
   3.10000	  -0.03023
   3.20000	   0.00157
   3.30000	  -0.04657
   3.40000	  -0.07033
   3.50000	  -0.14350
   3.60000	  -0.14919
   3.70000	  -0.09928
   3.80000	  -0.06663
   3.90000	  -0.09019
   4.00000	  -0.08433
   4.10000	   0.00162
   4.20000	   0.03764
   4.30000	   0.09420
   4.40000	   0.11405
   4.50000	   0.13681
   4.60000	   0.08631
   4.70000	   0.06314
   4.80000	   0.11032
   4.90000	   0.07176
   5.00000	   0.02046
   5.10000	  -0.01972
   5.20000	   0.04792
   5.30000	   0.04339
   5.40000	   0.15603
   5.50000	   0.07077
   5.60000	  -0.09469
   5.70000	  -0.16438
   5.80000	  -0.16443
   5.90000	  -0.20974
   6.00000	  -0.28611
   6.10000	  -0.25154
   6.20000	  -0.21792
   6.30000	  -0.16250
   6.40000	  -0.06582
   6.50000	  -0.08656
   6.60000	  -0.14060
   6.70000	  -0.11080
   6.80000	  -0.18145
   6.90000	  -0.10033
   7.00000	  -0.01555
   7.10000	  -0.00171
   7.20000	   0.06137
   7.30000	   0.06086
   7.40000	   0.08446
   7.50000	   0.07301
   7.60000	   0.05232
   7.70000	  -0.05093
   7.80000	  -0.02209
   7.90000	   0.10222
   8.00000	   0.06735
   8.10000	   0.07797
   8.20000	   0.16615
   8.30000	   0.09272
   8.40000	   0.14506
   8.50000	   0.13980
   8.60000	   0.11039
   8.70000	   0.04836
   8.80000	   0.07424
   8.90000	   0.11053
   9.00000	   0.18966
   9.10000	   0.07398
   9.20000	   0.08970
   9.30000	   0.09977
   9.40000	   0.06973
   9.50000	   0.10076
   9.60000	   0.03483
   9.70000	  -0.00588
   9.80000	  -0.07001
   9.90000	   0.02244
  10.00000	  -0.01911
  10.10000	  -0.02866
  10.20000	  -0.07515
  10.30000	  -0.06380
  10.40000	  -0.19246
  10.50000	  -0.16977
  10.60000	  -0.10116
  10.70000	  -0.13700
  10.80000	  -0.23300
  10.90000	  -0.22327
  11.00000	  -0.11855
  11.10000	  -0.16761
  11.20000	  -0.14152
  11.30000	  -0.10854
  11.40000	  -0.08542
  11.50000	  -0.07443
  11.60000	  -0.09982
  11.70000	  -0.07939
  11.80000	  -0.08749
  11.90000	  -0.12151
  12.00000	  -0.14085
  12.10000	  -0.09910
  12.20000	  -0.03137
  12.30000	  -0.08481
  12.40000	   0.02088
  12.50000	   0.11114
  12.60000	   0.11632
  12.70000	   0.07008
  12.80000	   0.04094
  12.90000	   0.10328
  13.00000	   0.07959
  13.10000	  -0.00937
  13.20000	   0.04503
  13.30000	  -0.07633
  13.40000	  -0.13855
  13.50000	  -0.03272
  13.60000	   0.05859
  13.70000	   0.16115
  13.80000	   0.13214
  13.90000	   0.16126
  14.00000	   0.17665
  14.10000	   0.12586
  14.20000	   0.15256
  14.30000	   0.07692
  14.40000	   0.05179
  14.50000	   0.16359
  14.60000	   0.21970
  14.70000	   0.17981
  14.80000	   0.24257
  14.90000	   0.25347
  15.00000	   0.22352
  15.10000	   0.15161
  15.20000	   0.21852
  15.30000	   0.24502
  15.40000	   0.31768
  15.50000	   0.27801
  15.60000	   0.24260
  15.70000	   0.13040
  15.80000	   0.08252
  15.90000	  -0.00895
  16.00000	  -0.05819
  16.10000	  -0.05072
  16.20000	  -0.02605
  16.30000	   0.04452
  16.40000	   0.11608
  16.50000	   0.13926
  16.60000	   0.14631
  16.70000	   0.06898
  16.80000	   0.06199
  16.90000	   0.06597
  17.00000	   0.15729
  17.10000	   0.19801
  17.20000	   0.20412
  17.30000	   0.14688
  17.40000	   0.07540
  17.50000	   0.02703
  17.60000	   0.00317
  17.70000	  -0.03432
  17.80000	  -0.00512
  17.90000	  -0.01299
  18.00000	  -0.00378
  18.10000	  -0.05320
  18.20000	  -0.03640
  18.30000	  -0.09343
  18.40000	  -0.09878
  18.50000	  -0.10783
  18.60000	  -0.08365
  18.70000	   0.04230
  18.80000	   0.06138
  18.90000	   0.16626
  19.00000	   0.10503
  19.10000	   0.05468
  19.20000	   0.06094
  19.30000	   0.09051
  19.40000	   0.11490
  19.50000	   0.08114
  19.60000	   0.10868
  19.70000	   0.19534
  19.80000	   0.23853
  19.90000	   0.30465
  20.00000	   0.25854
  20.10000	   0.31024
  20.20000	   0.26144
  20.30000	   0.18363
  20.40000	   0.17941
  20.50000	   0.14931
  20.60000	   0.07696
  20.70000	   0.08979
  20.80000	   0.14551
  20.90000	   0.21511
  21.00000	   0.20957
  21.10000	   0.22185
  21.20000	   0.20182
  21.30000	   0.18287
  21.40000	   0.18517
  21.50000	   0.17912
  21.60000	   0.20211
  21.70000	   0.21541
  21.80000	   0.21232
  21.90000	   0.22229
  22.00000	   0.12207
  22.10000	   0.15578
  22.20000	   0.12370
  22.30000	   0.10965
  22.40000	   0.22430
  22.50000	   0.19315
  22.60000	   0.27453
  22.70000	   0.33783
  22.80000	   0.30462
  22.90000	   0.22554
  23.00000	   0.18984
  23.10000	   0.11236
  23.20000	   0.03334
  23.30000	   0.05731
  23.40000	   0.06842
  23.50000	   0.03802
  23.60000	   0.06012
  23.70000	   0.01228
  23.80000	  -0.01443
  23.90000	  -0.04156
  24.00000	  -0.03311
  24.10000	  -0.00862
  24.20000	   0.02342
  24.30000	   0.06722
  24.40000	   0.07967
  24.50000	   0.08402
  24.60000	   0.00279
  24.70000	  -0.01326
  24.80000	  -0.02911
  24.90000	  -0.08641
  25.00000	  -0.08371
  25.10000	  -0.08920
  25.20000	  -0.11057
  25.30000	  -0.13527
  25.40000	  -0.08538
  25.50000	  -0.05731
  25.60000	  -0.06715
  25.70000	  -0.06729
  25.80000	  -0.05249
  25.90000	  -0.10839
  26.00000	  -0.05915
  26.10000	  -0.06817
  26.20000	  -0.13442
  26.30000	  -0.15233
  26.40000	  -0.09562
  26.50000	  -0.11004
  26.60000	  -0.04276
  26.70000	  -0.10884
  26.80000	  -0.14263
  26.90000	  -0.05234
  27.00000	  -0.04284
  27.10000	  -0.08809
  27.20000	  -0.10086
  27.30000	   0.04103
  27.40000	   0.07797
  27.50000	  -0.00411
  27.60000	   0.01309
  27.70000	  -0.03977
  27.80000	  -0.09823
  27.90000	  -0.15245
  28.00000	  -0.18360
  28.10000	  -0.22453
  28.20000	  -0.28808
  28.30000	  -0.27636
  28.40000	  -0.27878
  28.50000	  -0.23510
  28.60000	  -0.23678
  28.70000	  -0.26858
  28.80000	  -0.25229
  28.90000	  -0.19184
  29.00000	  -0.12654
  29.10000	  -0.04566
  29.20000	  -0.00620
  29.30000	  -0.04161
  29.40000	   0.00544
  29.50000	   0.03269
  29.60000	  -0.03282
  29.70000	  -0.04507
  29.80000	  -0.07313
  29.90000	  -0.02661
  30.00000	  -0.03487
  30.10000	  -0.03174
  30.20000	  -0.12695
  30.30000	  -0.11238
  30.40000	  -0.12183
  30.50000	  -0.09398
  30.60000	  -0.03808
  30.70000	   0.00409
  30.80000	   0.05539
  30.90000	   0.02993
  31.00000	  -0.02212
  31.10000	   0.07722
  31.20000	   0.03763
  31.30000	   0.05479
  31.40000	   0.05602
  31.50000	   0.05793
  31.60000	   0.05587
  31.70000	  -0.05915
  31.80000	  -0.08814
  31.90000	  -0.07181
  32.00000	  -0.08582
  32.10000	  -0.05837
  32.20000	  -0.00761
  32.30000	  -0.04694
  32.40000	   0.00374
  32.50000	  -0.04977
  32.60000	  -0.07165
  32.70000	  -0.03209
  32.80000	  -0.03124
  32.90000	   0.01273
  33.00000	  -0.01053
  33.10000	  -0.02664
  33.20000	   0.05322
  33.30000	   0.07626
  33.40000	   0.05462
  33.50000	   0.08302
  33.60000	   0.04935
  33.70000	   0.09156
  33.80000	   0.11613
  33.90000	   0.11431
  34.00000	   0.06650
  34.10000	   0.05740
  34.20000	   0.05469
  34.30000	   0.03962
  34.40000	   0.00485
  34.50000	  -0.00487
  34.60000	   0.07375
  34.70000	   0.04015
  34.80000	   0.01935
  34.90000	  -0.01318
  35.00000	  -0.02160
  35.10000	  -0.02924
  35.20000	  -0.11468
  35.30000	  -0.12459
  35.40000	  -0.04366
  35.50000	  -0.01839
  35.60000	   0.01625
  35.70000	  -0.03479
  35.80000	  -0.06896
  35.90000	  -0.06393
  36.00000	  -0.02874
  36.10000	  -0.02617
  36.20000	  -0.10903
  36.30000	  -0.05022
  36.40000	   0.05763
  36.50000	   0.14198
  36.60000	   0.17017
  36.70000	   0.11908
  36.80000	   0.04994
  36.90000	   0.13057
  37.00000	   0.06326
  37.10000	   0.08094
  37.20000	   0.07890
  37.30000	  -0.02206
  37.40000	  -0.05997
  37.50000	  -0.03900
  37.60000	  -0.02969
  37.70000	  -0.00611
  37.80000	   0.07153
  37.90000	   0.00551
  38.00000	  -0.06309
  38.10000	  -0.03845
  38.20000	  -0.01622
  38.30000	  -0.01942
  38.40000	  -0.00253
  38.50000	   0.01530
  38.60000	   0.04219
  38.70000	   0.00348
  38.80000	   0.02399
  38.90000	   0.01349
  39.00000	   0.06914
  39.10000	  -0.00618
  39.20000	   0.02003
  39.30000	   0.02832
  39.40000	   0.02556
  39.50000	   0.04519
  39.60000	   0.00180
  39.70000	   0.10160
  39.80000	   0.04151
  39.90000	   0.09975
  40.00000	   0.13711
  40.10000	   0.06688
  40.20000	   0.04850
  40.30000	   0.07928
  40.40000	   0.11894
  40.50000	   0.10057
  40.60000	   0.11254
  40.70000	   0.05582
  40.80000	   0.06365
  40.90000	   0.00552
  41.00000	   0.06104
  41.10000	  -0.00964
  41.20000	  -0.10230
  41.30000	  -0.02611
  41.40000	   0.04958
  41.50000	   0.02821
  41.60000	  -0.04698
  41.70000	  -0.01037
  41.80000	   0.00936
  41.90000	   0.06493
  42.00000	   0.06817
  42.10000	   0.00344
  42.20000	  -0.01795
  42.30000	  -0.05756
  42.40000	  -0.03570
  42.50000	   0.07244
  42.60000	  -0.00472
  42.70000	  -0.03417
  42.80000	  -0.07804
  42.90000	  -0.17378
  43.00000	  -0.15688
  43.10000	   0.00774
  43.20000	  -0.03689
  43.30000	  -0.08764
  43.40000	  -0.07776
  43.50000	  -0.10074
  43.60000	  -0.06121
  43.70000	  -0.01686
  43.80000	   0.03461
  43.90000	   0.04502
  44.00000	   0.05948
  44.10000	   0.13083
  44.20000	   0.13297
  44.30000	   0.11716
  44.40000	   0.07883
  44.50000	   0.12753
  44.60000	   0.13898
  44.70000	   0.20263
  44.80000	   0.19752
  44.90000	   0.15195
  45.00000	   0.10588
  45.10000	   0.09709
  45.20000	   0.10694
  45.30000	   0.03187
  45.40000	   0.03623
  45.50000	   0.01838
  45.60000	  -0.10048
  45.70000	  -0.10264
  45.80000	  -0.07102
  45.90000	   0.01260
  46.00000	   0.08769
  46.10000	   0.12371
  46.20000	   0.14322
  46.30000	   0.19499
  46.40000	   0.20713
  46.50000	   0.19587
  46.60000	   0.13759
  46.70000	   0.13132
  46.80000	   0.08175
  46.90000	   0.03646
  47.00000	   0.05742
  47.10000	   0.10496
  47.20000	   0.03464
  47.30000	   0.03681
  47.40000	   0.11828
  47.50000	   0.11735
  47.60000	   0.13747
  47.70000	   0.15826
  47.80000	   0.16434
  47.90000	   0.06391
  48.00000	   0.02061
  48.10000	   0.01574
  48.20000	   0.01591
  48.30000	   0.01794
  48.40000	   0.04386
  48.50000	   0.07397
  48.60000	   0.07940
  48.70000	   0.00394
  48.80000	  -0.07481
  48.90000	  -0.09024
  49.00000	  -0.05311
  49.10000	   0.03966
  49.20000	   0.07575
  49.30000	   0.03916
  49.40000	   0.06831
  49.50000	   0.05063
  49.60000	   0.02738
  49.70000	   0.02824
  49.80000	  -0.03330
  49.90000	  -0.02284
  50.00000	   0.07827
  50.10000	   0.12971
  50.20000	   0.18852
  50.30000	   0.07493
  50.40000	   0.10073
  50.50000	   0.12150
  50.60000	   0.11409
  50.70000	   0.09200
  50.80000	   0.04139
  50.90000	   0.08813
  51.00000	   0.07185
  51.10000	   0.04870
  51.20000	  -0.04452
  51.30000	  -0.13803
  51.40000	  -0.16978
  51.50000	  -0.18439
  51.60000	  -0.15803
  51.70000	  -0.13687
  51.80000	  -0.12180
  51.90000	  -0.17071
  52.00000	  -0.15392
  52.10000	  -0.19047
  52.20000	  -0.06359
  52.30000	  -0.15083
  52.40000	  -0.21148
  52.50000	  -0.28626
  52.60000	  -0.25912
  52.70000	  -0.23860
  52.80000	  -0.30118
  52.90000	  -0.21029
  53.00000	  -0.25223
  53.10000	  -0.20901
  53.20000	  -0.20835
  53.30000	  -0.16660
  53.40000	  -0.15925
  53.50000	  -0.15194
  53.60000	  -0.16588
  53.70000	  -0.15849
  53.80000	  -0.16471
  53.90000	  -0.20831
  54.00000	  -0.28068
  54.10000	  -0.28943
  54.20000	  -0.17012
  54.30000	  -0.04538
  54.40000	   0.00700
  54.50000	  -0.01517
  54.60000	  -0.06752
  54.70000	   0.03451
  54.80000	   0.10514
  54.90000	   0.07728
  55.00000	   0.08456
  55.10000	   0.11253
  55.20000	   0.00745
  55.30000	   0.04290
  55.40000	  -0.05870
  55.50000	  -0.06808
  55.60000	  -0.05930
  55.70000	  -0.11319
  55.80000	  -0.15347
  55.90000	  -0.16567
  56.00000	  -0.14122
  56.10000	  -0.07408
  56.20000	  -0.09161
  56.30000	  -0.12058
  56.40000	  -0.07817
  56.50000	   0.00282
  56.60000	   0.05180
  56.70000	   0.13682
  56.80000	   0.07550
  56.90000	   0.10532
  57.00000	   0.04135
  57.10000	   0.06925
  57.20000	   0.06261
  57.30000	   0.13214
  57.40000	   0.12492
  57.50000	   0.11202
  57.60000	   0.14654
  57.70000	   0.17077
  57.80000	   0.12588
  57.90000	   0.18999
  58.00000	   0.16225
  58.10000	   0.09276
  58.20000	   0.13276
  58.30000	   0.14531
  58.40000	   0.14324
  58.50000	   0.21286
  58.60000	   0.13218
  58.70000	   0.02896
  58.80000	   0.09382
  58.90000	   0.17323
  59.00000	   0.14461
  59.10000	   0.05792
  59.20000	   0.02329
  59.30000	   0.06033
  59.40000	   0.08440
  59.50000	   0.08570
  59.60000	   0.08587
  59.70000	   0.09929
  59.80000	   0.08780
  59.90000	   0.07288
  60.00000	   0.04040
  60.10000	   0.08398
  60.20000	   0.02802
  60.30000	   0.04017
  60.40000	   0.09877
  60.50000	   0.10238
  60.60000	   0.12589
  60.70000	   0.10571
  60.80000	   0.05397
  60.90000	   0.02250
  61.00000	   0.08042
  61.10000	  -0.00420
  61.20000	  -0.04208
  61.30000	  -0.08186
  61.40000	  -0.15284
  61.50000	  -0.12887
  61.60000	  -0.15312
  61.70000	  -0.09942
  61.80000	  -0.07550
  61.90000	  -0.11457
  62.00000	  -0.13843
  62.10000	  -0.13209
  62.20000	  -0.15938
  62.30000	  -0.11268
  62.40000	  -0.08730
  62.50000	  -0.18069
  62.60000	  -0.15809
  62.70000	  -0.20855
  62.80000	  -0.25242
  62.90000	  -0.22941
  63.00000	  -0.27797
  63.10000	  -0.18406
  63.20000	  -0.13670
  63.30000	  -0.08019
  63.40000	  -0.01057
  63.50000	  -0.12105
  63.60000	   0.01969
  63.70000	   0.01798
  63.80000	   0.02283
  63.90000	  -0.06319
  64.00000	  -0.10922
  64.10000	  -0.18849
  64.20000	  -0.13477
  64.30000	  -0.11171
  64.40000	  -0.12848
  64.50000	  -0.14338
  64.60000	  -0.08807
  64.70000	  -0.01547
  64.80000	  -0.07709
  64.90000	  -0.10912
  65.00000	  -0.02174
  65.10000	   0.00425
  65.20000	   0.02385
  65.30000	   0.06303
  65.40000	   0.08421
  65.50000	   0.06181
  65.60000	   0.15027
  65.70000	   0.19932
  65.80000	   0.14423
  65.90000	   0.16537
  66.00000	   0.22932
  66.10000	   0.15682
  66.20000	   0.17579
  66.30000	   0.15191
  66.40000	   0.04692
  66.50000	   0.07683
  66.60000	   0.00704
  66.70000	  -0.02968
  66.80000	   0.02282
  66.90000	  -0.00630
  67.00000	   0.01802
  67.10000	   0.03013
  67.20000	  -0.00590
  67.30000	   0.00651
  67.40000	  -0.01894
  67.50000	  -0.05609
  67.60000	   0.02098
  67.70000	   0.03339
  67.80000	   0.04146
  67.90000	   0.05166
  68.00000	   0.01912
  68.10000	   0.03253
  68.20000	  -0.00250
  68.30000	   0.00550
  68.40000	  -0.00163
  68.50000	   0.10625
  68.60000	   0.10804
  68.70000	   0.07038
  68.80000	   0.04083
  68.90000	   0.13258
  69.00000	   0.11751
  69.10000	   0.00472
  69.20000	   0.10013
  69.30000	   0.09479
  69.40000	   0.03228
  69.50000	   0.05643
  69.60000	  -0.02828
  69.70000	  -0.03964
  69.80000	  -0.07323
  69.90000	  -0.10749
  70.00000	   0.00884
  70.10000	   0.00703
  70.20000	  -0.06448
  70.30000	  -0.08501
  70.40000	  -0.05656
  70.50000	  -0.02873
  70.60000	  -0.01455
  70.70000	  -0.10337
  70.80000	  -0.11713
  70.90000	  -0.07997
  71.00000	  -0.04345
  71.10000	  -0.06934
  71.20000	  -0.05867
  71.30000	  -0.05722
  71.40000	  -0.04870
  71.50000	  -0.07755
  71.60000	   0.01941
  71.70000	  -0.03191
  71.80000	  -0.00756
  71.90000	   0.00872
  72.00000	  -0.02286
  72.10000	   0.03207
  72.20000	   0.00609
  72.30000	   0.09162
  72.40000	   0.13138
  72.50000	   0.12859
  72.60000	   0.07933
  72.70000	   0.14587
  72.80000	   0.19269
  72.90000	   0.18432
  73.00000	   0.17585
  73.10000	   0.14851
  73.20000	   0.16799
  73.30000	   0.16790
  73.40000	   0.13364
  73.50000	   0.12446
  73.60000	   0.03262
  73.70000	  -0.03000
  73.80000	  -0.01801
  73.90000	   0.04458
  74.00000	   0.04390
  74.10000	   0.10090
  74.20000	   0.10646
  74.30000	   0.00658
  74.40000	  -0.02480
  74.50000	  -0.03033
  74.60000	   0.04435
  74.70000	   0.01579
  74.80000	  -0.03221
  74.90000	   0.00131
  75.00000	   0.08163
  75.10000	   0.00674
  75.20000	   0.04856
  75.30000	   0.07364
  75.40000	   0.06956
  75.50000	   0.14944
  75.60000	   0.18009
  75.70000	   0.16944
  75.80000	   0.17494
  75.90000	   0.05482
  76.00000	   0.06858
  76.10000	   0.05258
  76.20000	   0.08569
  76.30000	   0.15561
  76.40000	   0.14053
  76.50000	   0.10528
  76.60000	   0.02582
  76.70000	   0.03764
  76.80000	   0.04365
  76.90000	   0.02477
  77.00000	  -0.00746
  77.10000	   0.03147
  77.20000	  -0.05646
  77.30000	  -0.06324
  77.40000	  -0.10696
  77.50000	  -0.19834
  77.60000	  -0.18810
  77.70000	  -0.09549
  77.80000	  -0.02354
  77.90000	   0.01475
  78.00000	   0.06093
  78.10000	   0.04268
  78.20000	   0.10660
  78.30000	   0.18691
  78.40000	   0.20852
  78.50000	   0.17251
  78.60000	   0.11814
  78.70000	   0.12473
  78.80000	   0.06829
  78.90000	   0.02357
  79.00000	   0.03780
  79.10000	   0.08957
  79.20000	   0.09968
  79.30000	   0.07475
  79.40000	   0.17448
  79.50000	   0.05470
  79.60000	   0.01388
  79.70000	   0.05186
  79.80000	   0.11089
  79.90000	  -0.02504
  80.00000	  -0.07047
  80.10000	  -0.05882
  80.20000	  -0.08439
  80.30000	   0.00695
  80.40000	  -0.03928
  80.50000	  -0.02775
  80.60000	   0.02056
  80.70000	   0.00822
  80.80000	  -0.03415
  80.90000	  -0.20194
  81.00000	  -0.24117
  81.10000	  -0.19212
  81.20000	  -0.12123
  81.30000	  -0.15241
  81.40000	  -0.23198
  81.50000	  -0.32480
  81.60000	  -0.27117
  81.70000	  -0.37393
  81.80000	  -0.13935
  81.90000	  -0.07487
  82.00000	  -0.07919
  82.10000	  -0.00790
  82.20000	  -0.01810
  82.30000	  -0.06930
  82.40000	   0.00389
  82.50000	  -0.12073
  82.60000	  -0.13640
  82.70000	  -0.07536
  82.80000	  -0.09427
  82.90000	   0.02978
  83.00000	   0.03169
  83.10000	   0.00370
  83.20000	   0.10368
  83.30000	   0.11426
  83.40000	   0.18863
  83.50000	   0.18493
  83.60000	   0.14154
  83.70000	   0.09534
  83.80000	   0.05369
  83.90000	   0.00735
  84.00000	   0.03540
  84.10000	  -0.08105
  84.20000	  -0.05023
  84.30000	  -0.00144
  84.40000	   0.02924
  84.50000	   0.03566
  84.60000	   0.02912
  84.70000	   0.04865
  84.80000	   0.02154
  84.90000	  -0.00606
  85.00000	  -0.01580
  85.10000	  -0.01341
  85.20000	   0.03967
  85.30000	   0.01578
  85.40000	   0.07355
  85.50000	   0.04324
  85.60000	   0.11514
  85.70000	   0.08089
  85.80000	   0.11278
  85.90000	   0.15286
  86.00000	   0.14087
  86.10000	   0.16920
  86.20000	   0.20105
  86.30000	   0.08252
  86.40000	   0.01697
  86.50000	  -0.14044
  86.60000	  -0.13787
  86.70000	  -0.06216
  86.80000	  -0.07801
  86.90000	  -0.10982
  87.00000	  -0.12876
  87.10000	  -0.12927
  87.20000	  -0.15732
  87.30000	  -0.11632
  87.40000	  -0.04642
  87.50000	  -0.03492
  87.60000	  -0.00084
  87.70000	  -0.06808
  87.80000	  -0.04135
  87.90000	  -0.05272
  88.00000	   0.00483
  88.10000	   0.12923
  88.20000	   0.11586
  88.30000	   0.05837
  88.40000	   0.02122
  88.50000	   0.12153
  88.60000	   0.15555
  88.70000	   0.10692
  88.80000	   0.09052
  88.90000	   0.10016
  89.00000	  -0.01625
  89.10000	  -0.02848
  89.20000	  -0.03145
  89.30000	  -0.01622
  89.40000	  -0.00921
  89.50000	   0.02110
  89.60000	   0.00172
  89.70000	  -0.00130
  89.80000	   0.05738
  89.90000	   0.07979
  90.00000	   0.13304
  90.10000	   0.13888
  90.20000	   0.11297
  90.30000	   0.14648
  90.40000	   0.25422
  90.50000	   0.15061
  90.60000	   0.16554
  90.70000	   0.24730
  90.80000	   0.08634
  90.90000	   0.13721
  91.00000	   0.19958
  91.10000	   0.20758
  91.20000	   0.08578
  91.30000	   0.00082
  91.40000	  -0.03974
  91.50000	  -0.15628
  91.60000	  -0.16066
  91.70000	  -0.12266
  91.80000	  -0.15258
  91.90000	  -0.08674
  92.00000	  -0.08114
  92.10000	  -0.02586
  92.20000	   0.04521
  92.30000	   0.09921
  92.40000	   0.08226
  92.50000	   0.14728
  92.60000	   0.10435
  92.70000	   0.18149
  92.80000	   0.11275
  92.90000	   0.11921
  93.00000	   0.10056
  93.10000	   0.04618
  93.20000	   0.02186
  93.30000	  -0.01937
  93.40000	  -0.02662
  93.50000	  -0.04141
  93.60000	  -0.03881
  93.70000	  -0.03897
  93.80000	  -0.00580
  93.90000	   0.00319
  94.00000	   0.06324
  94.10000	   0.09769
  94.20000	   0.09530
  94.30000	   0.02638
  94.40000	  -0.03304
  94.50000	  -0.05290
  94.60000	  -0.04448
  94.70000	  -0.02035
  94.80000	   0.01493
  94.90000	  -0.06011
  95.00000	  -0.03960
  95.10000	  -0.03067
  95.20000	  -0.01965
  95.30000	  -0.05380
  95.40000	  -0.05510
  95.50000	  -0.02887
  95.60000	  -0.11064
  95.70000	  -0.08510
  95.80000	  -0.13075
  95.90000	  -0.16218
  96.00000	  -0.09744
  96.10000	  -0.08994
  96.20000	  -0.09164
  96.30000	  -0.10680
  96.40000	  -0.16536
  96.50000	  -0.15435
  96.60000	  -0.17476
  96.70000	  -0.00177
  96.80000	   0.05800
  96.90000	   0.00326
  97.00000	  -0.00125
  97.10000	   0.03891
  97.20000	   0.02364
  97.30000	  -0.04703
  97.40000	  -0.09252
  97.50000	  -0.07000
  97.60000	  -0.04837
  97.70000	  -0.07866
  97.80000	  -0.09069
  97.90000	  -0.14737
  98.00000	  -0.08219
  98.10000	  -0.02493
  98.20000	   0.02722
  98.30000	   0.09726
  98.40000	   0.03974
  98.50000	   0.05061
  98.60000	   0.07495
  98.70000	   0.03369
  98.80000	   0.08404
  98.90000	   0.14494
  99.00000	   0.21626
  99.10000	   0.25297
  99.20000	   0.22553
  99.30000	   0.23996
  99.40000	   0.27927
  99.50000	   0.27452
  99.60000	   0.27858
  99.70000	   0.22221
  99.80000	   0.21052
  99.90000	   0.21234
