# gamma	ks
  16.06416	  64.70053
   0.00000	   0.27762
   0.10000	   0.27703
   0.20000	   0.18859
   0.30000	   0.13987
   0.40000	   0.18157
   0.50000	   0.15759
   0.60000	   0.08472
   0.70000	   0.07836
   0.80000	   0.10068
   0.90000	   0.10378
   1.00000	  -0.00021
   1.10000	  -0.01559
   1.20000	   0.01830
   1.30000	  -0.03875
   1.40000	   0.00733
   1.50000	  -0.01600
   1.60000	   0.13016
   1.70000	   0.14546
   1.80000	   0.15134
   1.90000	   0.06529
   2.00000	  -0.01617
   2.10000	  -0.07765
   2.20000	  -0.00573
   2.30000	   0.03205
   2.40000	  -0.05372
   2.50000	  -0.13410
   2.60000	  -0.11374
   2.70000	  -0.08161
   2.80000	  -0.16082
   2.90000	  -0.05917
   3.00000	  -0.01173
   3.10000	  -0.02165
   3.20000	   0.01443
   3.30000	  -0.11779
   3.40000	  -0.05103
   3.50000	  -0.04911
   3.60000	  -0.15656
   3.70000	  -0.11626
   3.80000	  -0.16351
   3.90000	  -0.09472
   4.00000	  -0.07254
   4.10000	  -0.04100
   4.20000	  -0.02949
   4.30000	   0.08166
   4.40000	   0.13947
   4.50000	   0.08187
   4.60000	  -0.05971
   4.70000	  -0.07526
   4.80000	   0.11450
   4.90000	   0.21560
   5.00000	   0.19361
   5.10000	   0.18686
   5.20000	   0.21316
   5.30000	   0.19169
   5.40000	   0.19786
   5.50000	   0.08500
   5.60000	  -0.07717
   5.70000	  -0.08874
   5.80000	  -0.06686
   5.90000	  -0.03086
   6.00000	   0.04160
   6.10000	   0.07323
   6.20000	  -0.04088
   6.30000	  -0.02732
   6.40000	   0.03229
   6.50000	  -0.00187
   6.60000	   0.04498
   6.70000	   0.06714
   6.80000	   0.11585
   6.90000	  -0.02654
   7.00000	  -0.15627
   7.10000	  -0.17996
   7.20000	  -0.14468
   7.30000	  -0.08754
   7.40000	  -0.03094
   7.50000	   0.03202
   7.60000	   0.12827
   7.70000	   0.17377
   7.80000	   0.15314
   7.90000	   0.07846
   8.00000	   0.19264
   8.10000	   0.14885
   8.20000	   0.09143
   8.30000	   0.09480
   8.40000	  -0.04598
   8.50000	  -0.07212
   8.60000	  -0.06928
   8.70000	  -0.02930
   8.80000	  -0.13429
   8.90000	   0.02697
   9.00000	   0.26234
   9.10000	   0.37997
   9.20000	   0.29739
   9.30000	   0.12332
   9.40000	   0.05786
   9.50000	   0.00818
   9.60000	   0.01315
   9.70000	   0.05691
   9.80000	   0.02589
   9.90000	   0.01993
  10.00000	  -0.02140
  10.10000	  -0.01294
  10.20000	   0.05995
  10.30000	   0.14524
  10.40000	   0.14803
  10.50000	   0.07455
  10.60000	   0.03344
  10.70000	   0.08378
  10.80000	   0.18361
  10.90000	   0.14031
  11.00000	   0.03495
  11.10000	  -0.15355
  11.20000	  -0.25009
  11.30000	  -0.26935
  11.40000	  -0.32495
  11.50000	  -0.27250
  11.60000	  -0.25806
  11.70000	  -0.15961
  11.80000	  -0.09424
  11.90000	  -0.09511
  12.00000	  -0.03265
  12.10000	  -0.07382
  12.20000	  -0.01542
  12.30000	  -0.07746
  12.40000	   0.02546
  12.50000	   0.06681
  12.60000	  -0.04796
  12.70000	  -0.09945
  12.80000	  -0.09789
  12.90000	  -0.15285
  13.00000	  -0.08683
  13.10000	  -0.02135
  13.20000	   0.03006
  13.30000	   0.09656
  13.40000	   0.07406
  13.50000	   0.03910
  13.60000	   0.10716
  13.70000	   0.11124
  13.80000	   0.02528
  13.90000	  -0.01153
  14.00000	  -0.10041
  14.10000	  -0.14280
  14.20000	  -0.21382
  14.30000	  -0.25543
  14.40000	  -0.20048
  14.50000	  -0.14949
  14.60000	  -0.16673
  14.70000	  -0.23276
  14.80000	  -0.17348
  14.90000	  -0.22363
  15.00000	  -0.20005
  15.10000	  -0.09489
  15.20000	  -0.01413
  15.30000	   0.04641
  15.40000	  -0.01215
  15.50000	  -0.06639
  15.60000	  -0.00858
  15.70000	   0.08409
  15.80000	   0.02224
  15.90000	  -0.01643
  16.00000	   0.05537
  16.10000	   0.11882
  16.20000	   0.22778
  16.30000	   0.19202
  16.40000	  -0.04291
  16.50000	  -0.07913
  16.60000	   0.08472
  16.70000	  -0.01066
  16.80000	  -0.03828
  16.90000	  -0.12957
  17.00000	  -0.15684
  17.10000	  -0.21955
  17.20000	  -0.14054
  17.30000	  -0.10935
  17.40000	  -0.11576
  17.50000	  -0.10856
  17.60000	  -0.06125
  17.70000	  -0.05392
  17.80000	  -0.06796
  17.90000	  -0.12590
  18.00000	  -0.08878
  18.10000	  -0.07659
  18.20000	  -0.15424
  18.30000	  -0.13274
  18.40000	  -0.12056
  18.50000	  -0.10490
  18.60000	  -0.02065
  18.70000	  -0.02755
  18.80000	  -0.02328
  18.90000	   0.04694
  19.00000	  -0.02658
  19.10000	  -0.05378
  19.20000	  -0.06756
  19.30000	  -0.14127
  19.40000	  -0.12665
  19.50000	  -0.11631
  19.60000	  -0.01169
  19.70000	   0.10666
  19.80000	   0.09440
  19.90000	   0.07390
  20.00000	   0.14137
  20.10000	   0.20437
  20.20000	   0.20192
  20.30000	   0.09108
  20.40000	  -0.11362
  20.50000	  -0.18331
  20.60000	  -0.20943
  20.70000	  -0.22050
  20.80000	  -0.13561
  20.90000	  -0.04134
  21.00000	  -0.10634
  21.10000	  -0.05216
  21.20000	  -0.04339
  21.30000	  -0.00140
  21.40000	  -0.09603
  21.50000	  -0.08247
  21.60000	  -0.09092
  21.70000	  -0.07914
  21.80000	  -0.14164
  21.90000	  -0.12917
  22.00000	   0.01002
  22.10000	  -0.03250
  22.20000	   0.00256
  22.30000	   0.10014
  22.40000	   0.08466
  22.50000	   0.12277
  22.60000	   0.17419
  22.70000	   0.28147
  22.80000	   0.25741
  22.90000	   0.17246
  23.00000	   0.09542
  23.10000	  -0.02261
  23.20000	  -0.02518
  23.30000	   0.02669
  23.40000	   0.00498
  23.50000	  -0.01751
  23.60000	  -0.03493
  23.70000	   0.05013
  23.80000	  -0.06536
  23.90000	  -0.01491
  24.00000	  -0.00098
  24.10000	  -0.09730
  24.20000	  -0.17431
  24.30000	  -0.14280
  24.40000	  -0.10587
  24.50000	  -0.07680
  24.60000	  -0.12667
  24.70000	  -0.10093
  24.80000	  -0.00782
  24.90000	   0.05697
  25.00000	   0.17837
  25.10000	   0.18900
  25.20000	   0.16569
  25.30000	   0.04011
  25.40000	   0.12824
  25.50000	   0.16232
  25.60000	   0.14131
  25.70000	  -0.00060
  25.80000	  -0.04390
  25.90000	   0.05816
  26.00000	   0.12630
  26.10000	   0.17528
  26.20000	   0.12534
  26.30000	   0.01462
  26.40000	  -0.13785
  26.50000	  -0.03569
  26.60000	  -0.05093
  26.70000	  -0.02962
  26.80000	   0.04072
  26.90000	   0.02491
  27.00000	  -0.02666
  27.10000	   0.00934
  27.20000	   0.06128
  27.30000	  -0.08989
  27.40000	  -0.23257
  27.50000	  -0.15578
  27.60000	  -0.07344
  27.70000	  -0.05095
  27.80000	  -0.15663
  27.90000	  -0.15854
  28.00000	  -0.09819
  28.10000	  -0.06886
  28.20000	  -0.10905
  28.30000	  -0.12763
  28.40000	  -0.11399
  28.50000	   0.00211
  28.60000	   0.13173
  28.70000	   0.11300
  28.80000	   0.08536
  28.90000	   0.08273
  29.00000	   0.12522
  29.10000	   0.08722
  29.20000	   0.01070
  29.30000	  -0.01131
  29.40000	  -0.01957
  29.50000	   0.10585
  29.60000	   0.12116
  29.70000	  -0.00684
  29.80000	  -0.10313
  29.90000	   0.00114
  30.00000	   0.15600
  30.10000	   0.24214
  30.20000	   0.16240
  30.30000	   0.08300
  30.40000	   0.12886
  30.50000	   0.10500
  30.60000	   0.07079
  30.70000	   0.13221
  30.80000	   0.19252
  30.90000	   0.22288
  31.00000	   0.06547
  31.10000	  -0.06435
  31.20000	   0.00225
  31.30000	   0.06719
  31.40000	   0.13574
  31.50000	   0.22302
  31.60000	   0.15674
  31.70000	   0.07041
  31.80000	   0.12516
  31.90000	   0.13372
  32.00000	  -0.02851
  32.10000	  -0.23224
  32.20000	  -0.10593
  32.30000	  -0.00659
  32.40000	  -0.05793
  32.50000	  -0.16073
  32.60000	  -0.11288
  32.70000	   0.03577
  32.80000	   0.09450
  32.90000	   0.10977
  33.00000	   0.14713
  33.10000	   0.24232
  33.20000	   0.26362
  33.30000	   0.14299
  33.40000	   0.19500
  33.50000	   0.20691
  33.60000	   0.17320
  33.70000	   0.12880
  33.80000	  -0.00392
  33.90000	  -0.06524
  34.00000	   0.05515
  34.10000	   0.00759
  34.20000	  -0.10494
  34.30000	  -0.09504
  34.40000	  -0.15620
  34.50000	  -0.13528
  34.60000	   0.02816
  34.70000	  -0.05024
  34.80000	  -0.06016
  34.90000	  -0.07403
  35.00000	   0.12509
  35.10000	   0.07774
  35.20000	   0.03051
  35.30000	  -0.01030
  35.40000	  -0.05886
  35.50000	  -0.03613
  35.60000	   0.03861
  35.70000	   0.01079
  35.80000	   0.03605
  35.90000	   0.04963
  36.00000	   0.00765
  36.10000	   0.05029
  36.20000	   0.14212
  36.30000	  -0.01440
  36.40000	  -0.00641
  36.50000	  -0.10731
  36.60000	  -0.09002
  36.70000	  -0.10619
  36.80000	   0.01696
  36.90000	   0.09918
  37.00000	   0.15850
  37.10000	   0.25059
  37.20000	   0.11291
  37.30000	   0.06994
  37.40000	  -0.08455
  37.50000	  -0.03810
  37.60000	   0.00814
  37.70000	  -0.01403
  37.80000	  -0.16888
  37.90000	  -0.06565
  38.00000	  -0.02218
  38.10000	   0.00140
  38.20000	   0.02941
  38.30000	   0.02352
  38.40000	  -0.05562
  38.50000	  -0.05922
  38.60000	   0.08767
  38.70000	   0.11675
  38.80000	   0.01661
  38.90000	   0.05514
  39.00000	   0.07719
  39.10000	   0.09451
  39.20000	   0.10623
  39.30000	   0.20236
  39.40000	   0.14407
  39.50000	   0.02421
  39.60000	  -0.14766
  39.70000	  -0.11720
  39.80000	  -0.09733
  39.90000	  -0.10162
  40.00000	  -0.18018
  40.10000	  -0.18541
  40.20000	  -0.18622
  40.30000	  -0.13859
  40.40000	  -0.07129
  40.50000	   0.01841
  40.60000	   0.01203
  40.70000	  -0.06477
  40.80000	   0.01139
  40.90000	   0.09601
  41.00000	   0.04501
  41.10000	  -0.01287
  41.20000	   0.00332
  41.30000	   0.03693
  41.40000	   0.02074
  41.50000	   0.01992
  41.60000	   0.14908
  41.70000	   0.07025
  41.80000	   0.12244
  41.90000	   0.18976
  42.00000	   0.15041
  42.10000	   0.09890
  42.20000	   0.16723
  42.30000	   0.15433
  42.40000	   0.12463
  42.50000	   0.09557
  42.60000	   0.11862
  42.70000	   0.12164
  42.80000	   0.09075
  42.90000	   0.06859
  43.00000	   0.03254
  43.10000	   0.04298
  43.20000	  -0.06918
  43.30000	  -0.13316
  43.40000	  -0.24034
  43.50000	  -0.17789
  43.60000	  -0.06704
  43.70000	  -0.04201
  43.80000	   0.05922
  43.90000	   0.05741
  44.00000	   0.14751
  44.10000	   0.08664
  44.20000	   0.03100
  44.30000	   0.13743
  44.40000	   0.03747
  44.50000	   0.00673
  44.60000	  -0.02066
  44.70000	  -0.05728
  44.80000	  -0.06233
  44.90000	  -0.17267
  45.00000	  -0.07433
  45.10000	   0.03270
  45.20000	  -0.02354
  45.30000	   0.00066
  45.40000	   0.00322
  45.50000	  -0.04046
  45.60000	  -0.02210
  45.70000	  -0.06622
  45.80000	  -0.13968
  45.90000	  -0.12518
  46.00000	  -0.13389
  46.10000	  -0.16926
  46.20000	  -0.07820
  46.30000	  -0.01272
  46.40000	  -0.01304
  46.50000	  -0.09171
  46.60000	  -0.19084
  46.70000	  -0.14860
  46.80000	  -0.16696
  46.90000	  -0.18817
  47.00000	  -0.13671
  47.10000	  -0.24198
  47.20000	  -0.14142
  47.30000	   0.02397
  47.40000	   0.05470
  47.50000	   0.06174
  47.60000	  -0.00634
  47.70000	  -0.01347
  47.80000	  -0.09499
  47.90000	  -0.11245
  48.00000	  -0.04742
  48.10000	   0.09004
  48.20000	   0.10439
  48.30000	   0.03162
  48.40000	  -0.06640
  48.50000	  -0.11725
  48.60000	  -0.23186
  48.70000	  -0.16531
  48.80000	  -0.06546
  48.90000	  -0.07494
  49.00000	  -0.09656
  49.10000	  -0.03915
  49.20000	   0.14670
  49.30000	   0.13632
  49.40000	   0.18693
  49.50000	   0.12992
  49.60000	   0.05811
  49.70000	  -0.01938
  49.80000	   0.02242
  49.90000	  -0.01928
  50.00000	  -0.09513
  50.10000	  -0.13529
  50.20000	  -0.03096
  50.30000	   0.16606
  50.40000	   0.21876
  50.50000	   0.29662
  50.60000	   0.28873
  50.70000	   0.06686
  50.80000	  -0.04252
  50.90000	  -0.02795
  51.00000	  -0.00520
  51.10000	   0.06104
  51.20000	   0.00441
  51.30000	  -0.00808
  51.40000	  -0.02511
  51.50000	  -0.08696
  51.60000	   0.09652
  51.70000	   0.01939
  51.80000	   0.01327
  51.90000	   0.00486
  52.00000	  -0.04195
  52.10000	  -0.11621
  52.20000	  -0.20269
  52.30000	  -0.20852
  52.40000	  -0.10037
  52.50000	   0.07931
  52.60000	   0.15063
  52.70000	   0.10566
  52.80000	  -0.06110
  52.90000	  -0.02213
  53.00000	  -0.04136
  53.10000	  -0.01288
  53.20000	  -0.05240
  53.30000	  -0.05597
  53.40000	  -0.01548
  53.50000	   0.00030
  53.60000	   0.08368
  53.70000	   0.06322
  53.80000	  -0.02824
  53.90000	  -0.02992
  54.00000	   0.05967
  54.10000	   0.13635
  54.20000	   0.15014
  54.30000	   0.07581
  54.40000	   0.03224
  54.50000	   0.08425
  54.60000	   0.04510
  54.70000	   0.03448
  54.80000	  -0.04060
  54.90000	  -0.01951
  55.00000	  -0.13834
  55.10000	  -0.13704
  55.20000	  -0.09900
  55.30000	   0.00538
  55.40000	   0.09577
  55.50000	   0.10928
  55.60000	   0.03189
  55.70000	   0.08209
  55.80000	   0.14628
  55.90000	   0.11921
  56.00000	   0.21168
  56.10000	   0.25489
  56.20000	   0.05482
  56.30000	  -0.18670
  56.40000	  -0.22365
  56.50000	  -0.21198
  56.60000	  -0.19067
  56.70000	  -0.21394
  56.80000	  -0.09952
  56.90000	  -0.06803
  57.00000	  -0.02636
  57.10000	   0.03075
  57.20000	  -0.09477
  57.30000	  -0.11947
  57.40000	  -0.02347
  57.50000	  -0.04200
  57.60000	  -0.00416
  57.70000	   0.02500
  57.80000	   0.07996
  57.90000	  -0.02513
  58.00000	  -0.04389
  58.10000	   0.01827
  58.20000	   0.05931
  58.30000	   0.08426
  58.40000	   0.03457
  58.50000	   0.03236
  58.60000	   0.14953
  58.70000	   0.22302
  58.80000	   0.20201
  58.90000	   0.03315
  59.00000	   0.01732
  59.10000	   0.08797
  59.20000	   0.22822
  59.30000	   0.32542
  59.40000	   0.19989
  59.50000	   0.14940
  59.60000	   0.00659
  59.70000	  -0.11390
  59.80000	  -0.22529
  59.90000	  -0.30996
  60.00000	  -0.25362
  60.10000	  -0.20905
  60.20000	  -0.12562
  60.30000	  -0.14162
  60.40000	  -0.22616
  60.50000	  -0.18233
  60.60000	  -0.07160
  60.70000	   0.00738
  60.80000	   0.13136
  60.90000	  -0.04950
  61.00000	  -0.23443
  61.10000	  -0.09431
  61.20000	  -0.03360
  61.30000	   0.03158
  61.40000	   0.19194
  61.50000	   0.24407
  61.60000	   0.22568
  61.70000	   0.25596
  61.80000	   0.30495
  61.90000	   0.22680
  62.00000	   0.21510
  62.10000	   0.04630
  62.20000	   0.00911
  62.30000	  -0.00442
  62.40000	  -0.05876
  62.50000	   0.01452
  62.60000	  -0.00258
  62.70000	   0.04384
  62.80000	   0.03718
  62.90000	  -0.12094
  63.00000	  -0.24399
  63.10000	  -0.22834
  63.20000	  -0.15252
  63.30000	  -0.13023
  63.40000	  -0.11837
  63.50000	  -0.05968
  63.60000	  -0.02117
  63.70000	  -0.07559
  63.80000	  -0.10857
  63.90000	   0.00450
  64.00000	   0.01707
  64.10000	   0.02857
  64.20000	   0.14064
  64.30000	   0.10341
  64.40000	   0.12942
  64.50000	   0.07869
  64.60000	   0.07855
  64.70000	   0.10295
  64.80000	   0.13080
  64.90000	   0.23848
  65.00000	   0.23165
  65.10000	   0.22072
  65.20000	   0.25027
  65.30000	   0.27049
  65.40000	   0.20424
  65.50000	   0.19997
  65.60000	   0.07881
  65.70000	  -0.06611
  65.80000	  -0.26439
  65.90000	  -0.17295
  66.00000	  -0.12085
  66.10000	   0.03050
  66.20000	   0.01433
  66.30000	   0.01555
  66.40000	  -0.04498
  66.50000	  -0.06306
  66.60000	   0.01046
  66.70000	   0.18623
  66.80000	   0.18626
  66.90000	   0.17449
  67.00000	   0.06905
  67.10000	   0.09466
  67.20000	  -0.00071
  67.30000	  -0.07152
  67.40000	  -0.04096
  67.50000	   0.03694
  67.60000	   0.03324
  67.70000	  -0.12551
  67.80000	  -0.21061
  67.90000	  -0.06060
  68.00000	   0.01348
  68.10000	   0.03340
  68.20000	  -0.03799
  68.30000	  -0.03613
  68.40000	  -0.05284
  68.50000	  -0.11550
  68.60000	  -0.10168
  68.70000	  -0.12731
  68.80000	   0.04860
  68.90000	   0.04501
  69.00000	  -0.04045
  69.10000	  -0.07307
  69.20000	  -0.06628
  69.30000	  -0.09378
  69.40000	  -0.20086
  69.50000	  -0.27741
  69.60000	  -0.26915
  69.70000	  -0.23026
  69.80000	  -0.02750
  69.90000	  -0.01325
  70.00000	  -0.00833
  70.10000	   0.02872
  70.20000	  -0.01887
  70.30000	  -0.01341
  70.40000	   0.05078
  70.50000	   0.00673
  70.60000	  -0.03109
  70.70000	  -0.08225
  70.80000	  -0.04459
  70.90000	   0.07140
  71.00000	   0.06055
  71.10000	   0.08530
  71.20000	   0.06896
  71.30000	   0.04334
  71.40000	   0.01467
  71.50000	  -0.10575
  71.60000	  -0.12122
  71.70000	  -0.12506
  71.80000	  -0.22902
  71.90000	  -0.03344
  72.00000	  -0.11286
  72.10000	  -0.15656
  72.20000	  -0.00868
  72.30000	  -0.07675
  72.40000	  -0.10082
  72.50000	  -0.17209
  72.60000	  -0.25184
  72.70000	  -0.15587
  72.80000	  -0.07515
  72.90000	  -0.05998
  73.00000	  -0.00203
  73.10000	   0.04163
  73.20000	   0.05950
  73.30000	   0.05565
  73.40000	   0.20258
  73.50000	   0.24550
  73.60000	   0.10488
  73.70000	   0.12825
  73.80000	   0.06167
  73.90000	   0.01088
  74.00000	  -0.01764
  74.10000	   0.03006
  74.20000	   0.03028
  74.30000	   0.03365
  74.40000	  -0.08883
  74.50000	  -0.11030
  74.60000	  -0.07412
  74.70000	  -0.05405
  74.80000	   0.01283
  74.90000	   0.06066
  75.00000	  -0.00502
  75.10000	  -0.07864
  75.20000	   0.00137
  75.30000	  -0.00090
  75.40000	   0.06574
  75.50000	   0.02410
  75.60000	  -0.00288
  75.70000	  -0.13770
  75.80000	  -0.09903
  75.90000	  -0.08697
  76.00000	  -0.07989
  76.10000	  -0.09368
  76.20000	  -0.05521
  76.30000	  -0.03642
  76.40000	  -0.06704
  76.50000	  -0.07009
  76.60000	   0.05437
  76.70000	   0.06526
  76.80000	   0.05374
  76.90000	   0.05443
  77.00000	  -0.14895
  77.10000	  -0.16401
  77.20000	  -0.00185
  77.30000	   0.04988
  77.40000	  -0.00659
  77.50000	  -0.12306
  77.60000	  -0.08018
  77.70000	  -0.00121
  77.80000	   0.06820
  77.90000	   0.08226
  78.00000	   0.01892
  78.10000	  -0.02034
  78.20000	  -0.03312
  78.30000	  -0.06356
  78.40000	  -0.07018
  78.50000	   0.01470
  78.60000	  -0.03794
  78.70000	  -0.00072
  78.80000	   0.05197
  78.90000	   0.14893
  79.00000	   0.15010
  79.10000	   0.04408
  79.20000	  -0.03902
  79.30000	  -0.07440
  79.40000	  -0.09563
  79.50000	  -0.17720
  79.60000	  -0.09820
  79.70000	   0.02719
  79.80000	   0.15753
  79.90000	   0.26963
  80.00000	   0.25215
  80.10000	   0.15811
  80.20000	   0.09966
  80.30000	   0.15516
  80.40000	   0.22281
  80.50000	   0.15808
  80.60000	   0.03408
  80.70000	   0.07063
  80.80000	   0.13844
  80.90000	   0.13464
  81.00000	   0.06771
  81.10000	  -0.09332
  81.20000	  -0.18170
  81.30000	  -0.18609
  81.40000	  -0.16269
  81.50000	  -0.12660
  81.60000	  -0.01165
  81.70000	   0.03464
  81.80000	   0.12020
  81.90000	  -0.03798
  82.00000	  -0.16294
  82.10000	  -0.12427
  82.20000	   0.02455
  82.30000	   0.03911
  82.40000	   0.08373
  82.50000	   0.03075
  82.60000	   0.15895
  82.70000	   0.16336
  82.80000	   0.22525
  82.90000	   0.35121
  83.00000	   0.38187
  83.10000	   0.25991
  83.20000	   0.05418
  83.30000	   0.10543
  83.40000	   0.11401
  83.50000	   0.07506
  83.60000	  -0.06106
  83.70000	  -0.04370
  83.80000	   0.03989
  83.90000	   0.08156
  84.00000	   0.01767
  84.10000	  -0.03860
  84.20000	  -0.13639
  84.30000	  -0.13701
  84.40000	  -0.00582
  84.50000	   0.08299
  84.60000	   0.19473
  84.70000	   0.23041
  84.80000	   0.19921
  84.90000	   0.16769
  85.00000	   0.14934
  85.10000	   0.14767
  85.20000	   0.03296
  85.30000	  -0.04046
  85.40000	  -0.08961
  85.50000	   0.02327
  85.60000	   0.09177
  85.70000	   0.10499
  85.80000	   0.07733
  85.90000	   0.08384
  86.00000	   0.11806
  86.10000	   0.11214
  86.20000	   0.09179
  86.30000	  -0.03089
  86.40000	  -0.16126
  86.50000	  -0.15045
  86.60000	  -0.03125
  86.70000	  -0.05844
  86.80000	  -0.11909
  86.90000	  -0.02300
  87.00000	  -0.01780
  87.10000	  -0.08810
  87.20000	  -0.01913
  87.30000	   0.12206
  87.40000	   0.19575
  87.50000	   0.10529
  87.60000	   0.12443
  87.70000	   0.24137
  87.80000	   0.20823
  87.90000	   0.07085
  88.00000	   0.02301
  88.10000	  -0.03730
  88.20000	   0.01344
  88.30000	  -0.05422
  88.40000	  -0.11649
  88.50000	  -0.19984
  88.60000	  -0.23545
  88.70000	  -0.17457
  88.80000	  -0.09210
  88.90000	  -0.06272
  89.00000	  -0.16100
  89.10000	  -0.24805
  89.20000	  -0.14673
  89.30000	   0.04995
  89.40000	   0.12381
  89.50000	   0.11751
  89.60000	   0.04450
  89.70000	   0.08071
  89.80000	   0.13550
  89.90000	   0.12764
  90.00000	   0.08095
  90.10000	   0.05854
  90.20000	   0.07792
  90.30000	  -0.00798
  90.40000	  -0.06409
  90.50000	  -0.06633
  90.60000	  -0.08076
  90.70000	  -0.04329
  90.80000	   0.03887
  90.90000	   0.03513
  91.00000	   0.10819
  91.10000	   0.15774
  91.20000	   0.33753
  91.30000	   0.32351
  91.40000	   0.28968
  91.50000	   0.22353
  91.60000	   0.15404
  91.70000	   0.10191
  91.80000	   0.03776
  91.90000	  -0.10520
  92.00000	  -0.07578
  92.10000	  -0.03035
  92.20000	  -0.06251
  92.30000	  -0.15491
  92.40000	  -0.04365
  92.50000	   0.05030
  92.60000	   0.06061
  92.70000	   0.01165
  92.80000	  -0.02829
  92.90000	   0.06835
  93.00000	  -0.01912
  93.10000	  -0.00410
  93.20000	  -0.07164
  93.30000	  -0.08883
  93.40000	  -0.16174
  93.50000	  -0.19392
  93.60000	  -0.12643
  93.70000	  -0.08948
  93.80000	  -0.09419
  93.90000	  -0.09933
  94.00000	  -0.07109
  94.10000	  -0.05334
  94.20000	  -0.13663
  94.30000	  -0.02941
  94.40000	   0.05517
  94.50000	   0.14001
  94.60000	   0.13334
  94.70000	   0.02671
  94.80000	  -0.02542
  94.90000	  -0.02249
  95.00000	   0.05581
  95.10000	   0.00154
  95.20000	  -0.06802
  95.30000	   0.02826
  95.40000	   0.17798
  95.50000	   0.03895
  95.60000	  -0.17516
  95.70000	  -0.16582
  95.80000	  -0.08377
  95.90000	  -0.00307
  96.00000	  -0.06214
  96.10000	  -0.11833
  96.20000	   0.01090
  96.30000	   0.15255
  96.40000	   0.14156
  96.50000	   0.29111
  96.60000	   0.17699
  96.70000	   0.07664
  96.80000	   0.03036
  96.90000	   0.09380
  97.00000	   0.11232
  97.10000	   0.04860
  97.20000	  -0.00204
  97.30000	  -0.03217
  97.40000	   0.07968
  97.50000	   0.03293
  97.60000	   0.07045
  97.70000	   0.15925
  97.80000	   0.19682
  97.90000	   0.15144
  98.00000	   0.20259
  98.10000	   0.07311
  98.20000	  -0.02122
  98.30000	   0.07450
  98.40000	   0.17801
  98.50000	   0.23952
  98.60000	   0.20388
  98.70000	   0.10819
  98.80000	   0.06592
  98.90000	   0.20307
  99.00000	   0.23373
  99.10000	   0.07645
  99.20000	   0.06267
  99.30000	   0.06879
  99.40000	   0.08924
  99.50000	  -0.06957
  99.60000	  -0.10063
  99.70000	   0.10356
  99.80000	   0.08365
  99.90000	   0.10280
