# gamma	ks
  35.51170	  91.17393
   0.00000	   0.06327
   0.10000	   0.17659
   0.20000	   0.13097
   0.30000	   0.10707
   0.40000	   0.00690
   0.50000	  -0.05543
   0.60000	   0.05040
   0.70000	  -0.03474
   0.80000	  -0.09556
   0.90000	  -0.03013
   1.00000	   0.02192
   1.10000	  -0.03123
   1.20000	   0.00136
   1.30000	   0.05514
   1.40000	   0.09969
   1.50000	   0.11177
   1.60000	   0.05336
   1.70000	   0.07103
   1.80000	   0.15181
   1.90000	   0.01437
   2.00000	  -0.02964
   2.10000	  -0.00600
   2.20000	   0.05138
   2.30000	   0.01030
   2.40000	  -0.09036
   2.50000	  -0.01253
   2.60000	   0.00518
   2.70000	  -0.01387
   2.80000	   0.03229
   2.90000	   0.01711
   3.00000	   0.07002
   3.10000	   0.00230
   3.20000	  -0.08965
   3.30000	  -0.00270
   3.40000	   0.04602
   3.50000	   0.02269
   3.60000	   0.02709
   3.70000	   0.00101
   3.80000	  -0.00124
   3.90000	  -0.02463
   4.00000	  -0.02418
   4.10000	   0.10047
   4.20000	   0.09199
   4.30000	   0.09990
   4.40000	   0.15877
   4.50000	   0.15926
   4.60000	   0.14197
   4.70000	   0.13863
   4.80000	   0.17990
   4.90000	   0.10656
   5.00000	   0.03693
   5.10000	   0.01499
   5.20000	   0.03913
   5.30000	  -0.02759
   5.40000	   0.02311
   5.50000	   0.00990
   5.60000	  -0.01049
   5.70000	   0.06494
   5.80000	  -0.02775
   5.90000	  -0.00481
   6.00000	  -0.05007
   6.10000	  -0.03033
   6.20000	   0.09589
   6.30000	  -0.00249
   6.40000	  -0.08169
   6.50000	  -0.21291
   6.60000	  -0.25619
   6.70000	  -0.21790
   6.80000	  -0.24615
   6.90000	  -0.22168
   7.00000	  -0.17253
   7.10000	  -0.20254
   7.20000	  -0.10858
   7.30000	  -0.03210
   7.40000	  -0.00576
   7.50000	  -0.00471
   7.60000	  -0.04601
   7.70000	  -0.08113
   7.80000	  -0.16036
   7.90000	  -0.17748
   8.00000	  -0.05564
   8.10000	  -0.03543
   8.20000	   0.05028
   8.30000	  -0.01359
   8.40000	  -0.04736
   8.50000	  -0.10160
   8.60000	  -0.10455
   8.70000	  -0.19418
   8.80000	  -0.13201
   8.90000	   0.06035
   9.00000	   0.16482
   9.10000	   0.18726
   9.20000	   0.20880
   9.30000	   0.28014
   9.40000	   0.24772
   9.50000	   0.22901
   9.60000	   0.15124
   9.70000	   0.04846
   9.80000	  -0.01770
   9.90000	   0.00703
  10.00000	   0.03365
  10.10000	   0.10973
  10.20000	   0.06188
  10.30000	   0.13482
  10.40000	   0.15197
  10.50000	   0.16857
  10.60000	   0.26471
  10.70000	   0.25760
  10.80000	   0.20021
  10.90000	   0.14953
  11.00000	   0.03300
  11.10000	  -0.00047
  11.20000	  -0.03367
  11.30000	  -0.02239
  11.40000	  -0.09339
  11.50000	  -0.10621
  11.60000	  -0.21261
  11.70000	  -0.11589
  11.80000	   0.01647
  11.90000	   0.01753
  12.00000	  -0.02587
  12.10000	   0.02218
  12.20000	   0.02905
  12.30000	  -0.03523
  12.40000	  -0.05966
  12.50000	  -0.10574
  12.60000	  -0.01361
  12.70000	  -0.00491
  12.80000	  -0.05332
  12.90000	  -0.05192
  13.00000	   0.00068
  13.10000	  -0.02958
  13.20000	   0.02443
  13.30000	  -0.00465
  13.40000	  -0.08739
  13.50000	  -0.01275
  13.60000	   0.11351
  13.70000	   0.11718
  13.80000	   0.00546
  13.90000	   0.01364
  14.00000	   0.01440
  14.10000	  -0.01309
  14.20000	   0.01947
  14.30000	  -0.06462
  14.40000	  -0.04560
  14.50000	  -0.00051
  14.60000	   0.00935
  14.70000	  -0.00875
  14.80000	  -0.07659
  14.90000	  -0.00764
  15.00000	  -0.08970
  15.10000	  -0.01623
  15.20000	   0.00546
  15.30000	  -0.06454
  15.40000	  -0.18882
  15.50000	  -0.06623
  15.60000	   0.03892
  15.70000	   0.04490
  15.80000	   0.05135
  15.90000	   0.12222
  16.00000	   0.04480
  16.10000	   0.06913
  16.20000	   0.21393
  16.30000	   0.15123
  16.40000	   0.10887
  16.50000	   0.07755
  16.60000	  -0.00190
  16.70000	   0.01737
  16.80000	  -0.01370
  16.90000	  -0.00796
  17.00000	  -0.06600
  17.10000	  -0.04609
  17.20000	  -0.02179
  17.30000	  -0.02986
  17.40000	   0.00082
  17.50000	   0.06669
  17.60000	   0.00512
  17.70000	   0.04118
  17.80000	  -0.06139
  17.90000	  -0.09274
  18.00000	   0.00707
  18.10000	   0.11676
  18.20000	   0.10184
  18.30000	  -0.04207
  18.40000	  -0.05429
  18.50000	  -0.11418
  18.60000	  -0.23226
  18.70000	  -0.21738
  18.80000	  -0.01282
  18.90000	  -0.00445
  19.00000	  -0.08305
  19.10000	  -0.00291
  19.20000	   0.05315
  19.30000	   0.07287
  19.40000	   0.06434
  19.50000	   0.11877
  19.60000	   0.21195
  19.70000	   0.17301
  19.80000	   0.12468
  19.90000	   0.13486
  20.00000	   0.19295
  20.10000	   0.12430
  20.20000	   0.11710
  20.30000	   0.01269
  20.40000	  -0.03417
  20.50000	  -0.23627
  20.60000	  -0.13472
  20.70000	   0.00281
  20.80000	   0.03851
  20.90000	  -0.01137
  21.00000	   0.02528
  21.10000	   0.04743
  21.20000	  -0.02213
  21.30000	   0.03721
  21.40000	  -0.03860
  21.50000	  -0.02207
  21.60000	  -0.00334
  21.70000	  -0.05441
  21.80000	  -0.02186
  21.90000	   0.02335
  22.00000	  -0.03599
  22.10000	  -0.05416
  22.20000	  -0.08706
  22.30000	  -0.07001
  22.40000	   0.05199
  22.50000	   0.08751
  22.60000	   0.17057
  22.70000	   0.13955
  22.80000	   0.01830
  22.90000	  -0.01745
  23.00000	   0.01551
  23.10000	  -0.05915
  23.20000	  -0.02727
  23.30000	   0.05413
  23.40000	   0.10670
  23.50000	   0.13127
  23.60000	   0.06967
  23.70000	  -0.05687
  23.80000	  -0.01578
  23.90000	  -0.00812
  24.00000	  -0.02464
  24.10000	  -0.14886
  24.20000	  -0.16431
  24.30000	  -0.22666
  24.40000	  -0.31443
  24.50000	  -0.22225
  24.60000	  -0.14983
  24.70000	  -0.21128
  24.80000	  -0.14037
  24.90000	  -0.01384
  25.00000	   0.03861
  25.10000	   0.04758
  25.20000	   0.00334
  25.30000	  -0.09022
  25.40000	  -0.00405
  25.50000	  -0.00125
  25.60000	   0.03237
  25.70000	   0.01372
  25.80000	  -0.04591
  25.90000	   0.01870
  26.00000	  -0.05704
  26.10000	  -0.08787
  26.20000	  -0.11562
  26.30000	  -0.07829
  26.40000	  -0.04356
  26.50000	   0.04856
  26.60000	   0.06335
  26.70000	   0.07621
  26.80000	   0.02052
  26.90000	  -0.04069
  27.00000	  -0.06066
  27.10000	  -0.13402
  27.20000	  -0.10787
  27.30000	  -0.12712
  27.40000	  -0.05035
  27.50000	   0.03143
  27.60000	  -0.01619
  27.70000	  -0.02805
  27.80000	  -0.00867
  27.90000	  -0.02575
  28.00000	  -0.07705
  28.10000	  -0.05851
  28.20000	  -0.14764
  28.30000	  -0.10071
  28.40000	   0.03640
  28.50000	   0.07236
  28.60000	   0.07795
  28.70000	   0.06058
  28.80000	   0.05215
  28.90000	   0.02382
  29.00000	   0.00202
  29.10000	   0.02296
  29.20000	  -0.00808
  29.30000	   0.04334
  29.40000	   0.00199
  29.50000	   0.00831
  29.60000	  -0.03649
  29.70000	  -0.02350
  29.80000	  -0.13694
  29.90000	  -0.11054
  30.00000	  -0.13293
  30.10000	  -0.16199
  30.20000	  -0.09692
  30.30000	  -0.06610
  30.40000	  -0.15167
  30.50000	  -0.05927
  30.60000	  -0.03249
  30.70000	  -0.05128
  30.80000	  -0.03228
  30.90000	  -0.11404
  31.00000	  -0.04098
  31.10000	   0.06189
  31.20000	   0.02568
  31.30000	  -0.01598
  31.40000	  -0.02089
  31.50000	  -0.07820
  31.60000	  -0.07206
  31.70000	  -0.02484
  31.80000	  -0.00314
  31.90000	   0.04577
  32.00000	   0.01648
  32.10000	   0.09431
  32.20000	   0.03700
  32.30000	  -0.03950
  32.40000	   0.02561
  32.50000	   0.05755
  32.60000	  -0.03023
  32.70000	  -0.08723
  32.80000	  -0.04710
  32.90000	  -0.01179
  33.00000	  -0.02828
  33.10000	  -0.09321
  33.20000	  -0.08398
  33.30000	  -0.09641
  33.40000	  -0.14612
  33.50000	  -0.07408
  33.60000	  -0.08625
  33.70000	  -0.06083
  33.80000	  -0.05919
  33.90000	  -0.19025
  34.00000	  -0.06971
  34.10000	  -0.06061
  34.20000	  -0.04500
  34.30000	  -0.04642
  34.40000	   0.00314
  34.50000	   0.02021
  34.60000	   0.12716
  34.70000	   0.08194
  34.80000	   0.13484
  34.90000	   0.07844
  35.00000	   0.11631
  35.10000	   0.05491
  35.20000	   0.08629
  35.30000	   0.07330
  35.40000	   0.04400
  35.50000	   0.02882
  35.60000	   0.06795
  35.70000	   0.10828
  35.80000	   0.06693
  35.90000	  -0.06799
  36.00000	  -0.08912
  36.10000	  -0.14109
  36.20000	  -0.07684
  36.30000	  -0.04702
  36.40000	   0.05216
  36.50000	   0.07070
  36.60000	   0.00128
  36.70000	  -0.13211
  36.80000	  -0.06158
  36.90000	   0.02228
  37.00000	  -0.02586
  37.10000	  -0.01030
  37.20000	   0.04745
  37.30000	  -0.03254
  37.40000	  -0.03801
  37.50000	  -0.09896
  37.60000	   0.01362
  37.70000	   0.00724
  37.80000	   0.08422
  37.90000	   0.04317
  38.00000	  -0.02469
  38.10000	   0.04303
  38.20000	  -0.01991
  38.30000	  -0.08203
  38.40000	  -0.04033
  38.50000	   0.00090
  38.60000	  -0.02530
  38.70000	  -0.06272
  38.80000	  -0.01157
  38.90000	  -0.09501
  39.00000	  -0.01242
  39.10000	   0.07950
  39.20000	   0.04728
  39.30000	   0.02104
  39.40000	  -0.05093
  39.50000	  -0.13459
  39.60000	  -0.11790
  39.70000	  -0.14400
  39.80000	  -0.08530
  39.90000	  -0.06970
  40.00000	  -0.05244
  40.10000	   0.05127
  40.20000	  -0.03338
  40.30000	  -0.03966
  40.40000	  -0.00406
  40.50000	  -0.08640
  40.60000	  -0.12650
  40.70000	  -0.23228
  40.80000	  -0.18494
  40.90000	  -0.16137
  41.00000	  -0.13257
  41.10000	  -0.03236
  41.20000	   0.00034
  41.30000	  -0.03402
  41.40000	   0.01951
  41.50000	   0.06061
  41.60000	   0.04334
  41.70000	  -0.09846
  41.80000	  -0.11264
  41.90000	  -0.04623
  42.00000	   0.07395
  42.10000	   0.08569
  42.20000	   0.15471
  42.30000	   0.11379
  42.40000	   0.04414
  42.50000	   0.08363
  42.60000	   0.04164
  42.70000	   0.11157
  42.80000	   0.14245
  42.90000	   0.20277
  43.00000	   0.13125
  43.10000	   0.08035
  43.20000	   0.00551
  43.30000	   0.04569
  43.40000	   0.07037
  43.50000	   0.10010
  43.60000	   0.03716
  43.70000	   0.03670
  43.80000	   0.04630
  43.90000	   0.01223
  44.00000	   0.04074
  44.10000	   0.12021
  44.20000	   0.07151
  44.30000	   0.15674
  44.40000	   0.06750
  44.50000	   0.06024
  44.60000	  -0.05495
  44.70000	  -0.17528
  44.80000	  -0.15973
  44.90000	  -0.09428
  45.00000	   0.03057
  45.10000	   0.06160
  45.20000	   0.03130
  45.30000	   0.05395
  45.40000	  -0.01267
  45.50000	   0.01971
  45.60000	   0.13768
  45.70000	   0.20305
  45.80000	   0.11253
  45.90000	   0.08745
  46.00000	   0.01296
  46.10000	   0.08593
  46.20000	  -0.01665
  46.30000	  -0.02286
  46.40000	  -0.03705
  46.50000	  -0.01625
  46.60000	   0.04145
  46.70000	   0.00132
  46.80000	  -0.06753
  46.90000	  -0.03823
  47.00000	  -0.03110
  47.10000	  -0.01120
  47.20000	   0.03004
  47.30000	   0.10176
  47.40000	   0.06512
  47.50000	   0.05640
  47.60000	   0.00833
  47.70000	  -0.00425
  47.80000	   0.11957
  47.90000	   0.20860
  48.00000	   0.32337
  48.10000	   0.39116
  48.20000	   0.28871
  48.30000	   0.19095
  48.40000	   0.19985
  48.50000	   0.19431
  48.60000	   0.13913
  48.70000	   0.05782
  48.80000	   0.01879
  48.90000	   0.02029
  49.00000	  -0.05645
  49.10000	  -0.17756
  49.20000	  -0.17402
  49.30000	  -0.04870
  49.40000	  -0.01838
  49.50000	   0.07162
  49.60000	   0.07032
  49.70000	   0.05558
  49.80000	   0.04478
  49.90000	   0.11591
  50.00000	   0.08477
  50.10000	   0.03868
  50.20000	  -0.03491
  50.30000	  -0.04871
  50.40000	  -0.07771
  50.50000	  -0.13618
  50.60000	  -0.23912
  50.70000	  -0.19358
  50.80000	  -0.14699
  50.90000	  -0.07070
  51.00000	  -0.08910
  51.10000	  -0.16493
  51.20000	  -0.23269
  51.30000	  -0.19385
  51.40000	  -0.14169
  51.50000	  -0.07298
  51.60000	  -0.00539
  51.70000	   0.10221
  51.80000	   0.06024
  51.90000	   0.00662
  52.00000	  -0.02308
  52.10000	   0.08111
  52.20000	   0.17267
  52.30000	   0.08457
  52.40000	   0.19523
  52.50000	   0.19170
  52.60000	   0.16794
  52.70000	   0.13400
  52.80000	   0.13593
  52.90000	   0.08586
  53.00000	   0.06577
  53.10000	   0.12716
  53.20000	   0.16965
  53.30000	   0.10794
  53.40000	   0.09959
  53.50000	  -0.00333
  53.60000	   0.07672
  53.70000	   0.12263
  53.80000	   0.12781
  53.90000	   0.04329
  54.00000	   0.02361
  54.10000	   0.03768
  54.20000	  -0.02870
  54.30000	  -0.02433
  54.40000	  -0.01767
  54.50000	  -0.07799
  54.60000	  -0.08136
  54.70000	  -0.09229
  54.80000	  -0.14493
  54.90000	  -0.09678
  55.00000	  -0.13061
  55.10000	  -0.16043
  55.20000	  -0.17381
  55.30000	  -0.06101
  55.40000	  -0.02862
  55.50000	   0.14976
  55.60000	   0.10267
  55.70000	  -0.01563
  55.80000	  -0.07267
  55.90000	  -0.08270
  56.00000	   0.00928
  56.10000	   0.06118
  56.20000	   0.12623
  56.30000	   0.05770
  56.40000	   0.02653
  56.50000	   0.07350
  56.60000	   0.05755
  56.70000	   0.07162
  56.80000	   0.11756
  56.90000	   0.12321
  57.00000	   0.13889
  57.10000	   0.13488
  57.20000	   0.06998
  57.30000	   0.01942
  57.40000	   0.01517
  57.50000	   0.00774
  57.60000	  -0.04249
  57.70000	  -0.07575
  57.80000	  -0.00911
  57.90000	  -0.09040
  58.00000	  -0.06616
  58.10000	  -0.04289
  58.20000	   0.00270
  58.30000	  -0.07064
  58.40000	  -0.12314
  58.50000	  -0.19981
  58.60000	  -0.09944
  58.70000	  -0.10561
  58.80000	  -0.13301
  58.90000	  -0.05644
  59.00000	   0.01699
  59.10000	   0.05980
  59.20000	   0.15253
  59.30000	   0.20223
  59.40000	   0.01419
  59.50000	  -0.06742
  59.60000	  -0.06761
  59.70000	  -0.07108
  59.80000	   0.01689
  59.90000	  -0.07640
  60.00000	  -0.12889
  60.10000	  -0.08175
  60.20000	  -0.12050
  60.30000	  -0.04075
  60.40000	  -0.10473
  60.50000	  -0.06182
  60.60000	  -0.08788
  60.70000	  -0.03576
  60.80000	  -0.03079
  60.90000	  -0.06844
  61.00000	  -0.11312
  61.10000	  -0.02471
  61.20000	  -0.02398
  61.30000	  -0.01507
  61.40000	  -0.00852
  61.50000	   0.00774
  61.60000	  -0.01853
  61.70000	   0.01962
  61.80000	  -0.03844
  61.90000	   0.01660
  62.00000	   0.09468
  62.10000	  -0.02008
  62.20000	   0.00997
  62.30000	   0.04856
  62.40000	   0.01881
  62.50000	  -0.01251
  62.60000	  -0.04173
  62.70000	  -0.06149
  62.80000	   0.00358
  62.90000	   0.06208
  63.00000	  -0.00102
  63.10000	   0.03828
  63.20000	   0.10461
  63.30000	   0.16765
  63.40000	   0.14058
  63.50000	   0.00965
  63.60000	  -0.07278
  63.70000	  -0.04558
  63.80000	  -0.05155
  63.90000	  -0.06839
  64.00000	  -0.01225
  64.10000	   0.00128
  64.20000	   0.00668
  64.30000	  -0.08826
  64.40000	  -0.02966
  64.50000	  -0.05131
  64.60000	  -0.07266
  64.70000	  -0.06480
  64.80000	  -0.02407
  64.90000	  -0.01804
  65.00000	   0.00586
  65.10000	   0.03518
  65.20000	   0.01991
  65.30000	   0.04251
  65.40000	   0.10502
  65.50000	   0.07649
  65.60000	  -0.02779
  65.70000	   0.08152
  65.80000	   0.11370
  65.90000	   0.06049
  66.00000	   0.05385
  66.10000	   0.08876
  66.20000	   0.08873
  66.30000	   0.01342
  66.40000	  -0.05379
  66.50000	   0.01414
  66.60000	  -0.04955
  66.70000	  -0.00440
  66.80000	  -0.00062
  66.90000	  -0.04082
  67.00000	  -0.09197
  67.10000	  -0.06308
  67.20000	  -0.11298
  67.30000	  -0.13024
  67.40000	  -0.03190
  67.50000	  -0.01321
  67.60000	   0.05930
  67.70000	   0.05105
  67.80000	  -0.03265
  67.90000	  -0.02493
  68.00000	   0.02301
  68.10000	  -0.02061
  68.20000	  -0.18685
  68.30000	  -0.17896
  68.40000	  -0.15573
  68.50000	  -0.28779
  68.60000	  -0.21462
  68.70000	  -0.25363
  68.80000	  -0.26213
  68.90000	  -0.21814
  69.00000	  -0.14255
  69.10000	  -0.09263
  69.20000	  -0.16830
  69.30000	  -0.11473
  69.40000	  -0.09393
  69.50000	  -0.10859
  69.60000	  -0.23903
  69.70000	  -0.26448
  69.80000	  -0.22001
  69.90000	  -0.25384
  70.00000	  -0.29271
  70.10000	  -0.14970
  70.20000	  -0.10781
  70.30000	  -0.06754
  70.40000	   0.03092
  70.50000	   0.07899
  70.60000	   0.06909
  70.70000	   0.00109
  70.80000	   0.06544
  70.90000	   0.03001
  71.00000	   0.04231
  71.10000	   0.01623
  71.20000	  -0.00346
  71.30000	   0.03091
  71.40000	  -0.00048
  71.50000	   0.04978
  71.60000	   0.07618
  71.70000	   0.10615
  71.80000	   0.12834
  71.90000	   0.14187
  72.00000	   0.10221
  72.10000	   0.07017
  72.20000	   0.06194
  72.30000	   0.00213
  72.40000	   0.06791
  72.50000	   0.06984
  72.60000	  -0.03572
  72.70000	  -0.07138
  72.80000	   0.03128
  72.90000	  -0.01679
  73.00000	   0.03893
  73.10000	   0.02258
  73.20000	   0.02425
  73.30000	   0.11114
  73.40000	   0.04820
  73.50000	  -0.13828
  73.60000	  -0.07469
  73.70000	  -0.06040
  73.80000	  -0.05380
  73.90000	  -0.07064
  74.00000	  -0.01644
  74.10000	  -0.02487
  74.20000	   0.03831
  74.30000	   0.07125
  74.40000	   0.10044
  74.50000	   0.09924
  74.60000	   0.11525
  74.70000	   0.12322
  74.80000	   0.08026
  74.90000	   0.10617
  75.00000	   0.12035
  75.10000	   0.07160
  75.20000	   0.06136
  75.30000	  -0.02685
  75.40000	   0.00726
  75.50000	   0.02738
  75.60000	  -0.02469
  75.70000	   0.11513
  75.80000	   0.10629
  75.90000	   0.04572
  76.00000	   0.05873
  76.10000	   0.05837
  76.20000	   0.11855
  76.30000	   0.16599
  76.40000	   0.10009
  76.50000	   0.00991
  76.60000	   0.04954
  76.70000	   0.00370
  76.80000	   0.06919
  76.90000	   0.09170
  77.00000	   0.15917
  77.10000	   0.13275
  77.20000	   0.10234
  77.30000	   0.12008
  77.40000	   0.19607
  77.50000	   0.28508
  77.60000	   0.29184
  77.70000	   0.24699
  77.80000	   0.14593
  77.90000	   0.11224
  78.00000	   0.12443
  78.10000	   0.07586
  78.20000	  -0.03786
  78.30000	  -0.11196
  78.40000	  -0.17100
  78.50000	  -0.12443
  78.60000	  -0.07341
  78.70000	  -0.05592
  78.80000	  -0.12581
  78.90000	  -0.16320
  79.00000	  -0.07650
  79.10000	  -0.04900
  79.20000	  -0.02550
  79.30000	  -0.07654
  79.40000	   0.10668
  79.50000	   0.08357
  79.60000	   0.10952
  79.70000	   0.12397
  79.80000	  -0.04895
  79.90000	   0.01092
  80.00000	   0.10162
  80.10000	   0.12073
  80.20000	   0.19996
  80.30000	   0.07020
  80.40000	   0.00871
  80.50000	   0.00307
  80.60000	   0.01300
  80.70000	   0.00327
  80.80000	  -0.00147
  80.90000	   0.01182
  81.00000	   0.03700
  81.10000	   0.06072
  81.20000	   0.09861
  81.30000	   0.07071
  81.40000	   0.06774
  81.50000	   0.11574
  81.60000	   0.18921
  81.70000	   0.23627
  81.80000	   0.20159
  81.90000	   0.21546
  82.00000	   0.21069
  82.10000	   0.18701
  82.20000	   0.12260
  82.30000	   0.05924
  82.40000	   0.10281
  82.50000	   0.01060
  82.60000	  -0.02803
  82.70000	   0.07168
  82.80000	   0.06790
  82.90000	   0.03915
  83.00000	   0.14150
  83.10000	   0.16381
  83.20000	   0.12009
  83.30000	   0.05298
  83.40000	   0.03584
  83.50000	   0.01651
  83.60000	   0.04624
  83.70000	  -0.02356
  83.80000	   0.04816
  83.90000	   0.05419
  84.00000	   0.09996
  84.10000	   0.04636
  84.20000	   0.01220
  84.30000	  -0.05834
  84.40000	  -0.01743
  84.50000	   0.11983
  84.60000	  -0.01477
  84.70000	  -0.01848
  84.80000	   0.03523
  84.90000	   0.00783
  85.00000	  -0.04105
  85.10000	   0.04854
  85.20000	   0.11721
  85.30000	   0.20006
  85.40000	   0.22027
  85.50000	   0.22870
  85.60000	   0.24271
  85.70000	   0.24583
  85.80000	   0.27923
  85.90000	   0.33810
  86.00000	   0.29093
  86.10000	   0.29864
  86.20000	   0.16818
  86.30000	   0.04187
  86.40000	   0.03611
  86.50000	  -0.06427
  86.60000	  -0.01295
  86.70000	  -0.01741
  86.80000	  -0.11518
  86.90000	  -0.10349
  87.00000	  -0.15449
  87.10000	  -0.23359
  87.20000	  -0.16210
  87.30000	   0.03208
  87.40000	  -0.06260
  87.50000	  -0.16906
  87.60000	  -0.15091
  87.70000	  -0.19605
  87.80000	  -0.14559
  87.90000	  -0.22456
  88.00000	  -0.25315
  88.10000	  -0.17029
  88.20000	  -0.11847
  88.30000	  -0.04437
  88.40000	  -0.17264
  88.50000	  -0.05652
  88.60000	  -0.10141
  88.70000	  -0.10795
  88.80000	  -0.08755
  88.90000	  -0.08172
  89.00000	  -0.08942
  89.10000	  -0.13200
  89.20000	  -0.09644
  89.30000	  -0.06267
  89.40000	   0.00853
  89.50000	  -0.04015
  89.60000	  -0.09486
  89.70000	  -0.14753
  89.80000	  -0.23416
  89.90000	  -0.14930
  90.00000	  -0.05183
  90.10000	  -0.14259
  90.20000	  -0.12283
  90.30000	  -0.07211
  90.40000	  -0.04964
  90.50000	  -0.05542
  90.60000	   0.07107
  90.70000	   0.05492
  90.80000	   0.05595
  90.90000	  -0.03034
  91.00000	  -0.04666
  91.10000	  -0.02578
  91.20000	  -0.04415
  91.30000	   0.06918
  91.40000	   0.06722
  91.50000	   0.10504
  91.60000	   0.02886
  91.70000	   0.02527
  91.80000	  -0.00642
  91.90000	  -0.04043
  92.00000	  -0.04012
  92.10000	  -0.06649
  92.20000	  -0.02088
  92.30000	   0.02879
  92.40000	   0.04441
  92.50000	  -0.02284
  92.60000	   0.07927
  92.70000	   0.02733
  92.80000	   0.14171
  92.90000	   0.14108
  93.00000	   0.01818
  93.10000	   0.08373
  93.20000	   0.10915
  93.30000	   0.10785
  93.40000	   0.09824
  93.50000	   0.10105
  93.60000	   0.01980
  93.70000	   0.03760
  93.80000	   0.01006
  93.90000	  -0.04514
  94.00000	   0.04973
  94.10000	   0.04187
  94.20000	   0.02811
  94.30000	  -0.02288
  94.40000	  -0.15114
  94.50000	  -0.17699
  94.60000	  -0.21911
  94.70000	  -0.15653
  94.80000	  -0.07848
  94.90000	   0.00513
  95.00000	   0.05623
  95.10000	   0.08969
  95.20000	   0.08237
  95.30000	   0.02941
  95.40000	  -0.08236
  95.50000	  -0.07807
  95.60000	  -0.16956
  95.70000	  -0.22220
  95.80000	  -0.13507
  95.90000	  -0.16378
  96.00000	  -0.14032
  96.10000	  -0.22985
  96.20000	  -0.23081
  96.30000	  -0.15506
  96.40000	  -0.16769
  96.50000	  -0.10633
  96.60000	  -0.05824
  96.70000	  -0.07499
  96.80000	   0.04082
  96.90000	   0.11948
  97.00000	   0.05712
  97.10000	   0.13673
  97.20000	   0.10170
  97.30000	   0.17489
  97.40000	   0.16815
  97.50000	   0.10269
  97.60000	   0.15464
  97.70000	   0.03080
  97.80000	   0.00690
  97.90000	   0.04233
  98.00000	  -0.00997
  98.10000	  -0.05339
  98.20000	  -0.03448
  98.30000	   0.02067
  98.40000	  -0.03214
  98.50000	  -0.08694
  98.60000	  -0.06805
  98.70000	  -0.09063
  98.80000	   0.03193
  98.90000	   0.01864
  99.00000	   0.07690
  99.10000	   0.18283
  99.20000	   0.12662
  99.30000	   0.13511
  99.40000	   0.04210
  99.50000	   0.10209
  99.60000	   0.19133
  99.70000	   0.09843
  99.80000	   0.00043
  99.90000	   0.02672
