# gamma	ks
  57.28951	  14.67136
   0.00000	   0.03163
   0.10000	  -0.00022
   0.20000	   0.01775
   0.30000	   0.01518
   0.40000	  -0.00090
   0.50000	  -0.00377
   0.60000	  -0.01439
   0.70000	   0.00994
   0.80000	   0.03846
   0.90000	   0.10531
   1.00000	   0.12405
   1.10000	   0.16793
   1.20000	   0.17993
   1.30000	   0.18225
   1.40000	   0.14095
   1.50000	   0.13680
   1.60000	   0.15369
   1.70000	   0.18445
   1.80000	   0.12327
   1.90000	   0.14565
   2.00000	   0.22061
   2.10000	   0.13653
   2.20000	   0.18501
   2.30000	   0.29124
   2.40000	   0.31847
   2.50000	   0.28124
   2.60000	   0.39099
   2.70000	   0.32586
   2.80000	   0.43398
   2.90000	   0.43949
   3.00000	   0.43478
   3.10000	   0.30248
   3.20000	   0.25708
   3.30000	   0.20793
   3.40000	   0.16892
   3.50000	   0.13519
   3.60000	   0.10536
   3.70000	   0.05624
   3.80000	   0.05286
   3.90000	   0.05731
   4.00000	   0.01657
   4.10000	   0.07996
   4.20000	   0.04950
   4.30000	   0.03661
   4.40000	  -0.00490
   4.50000	   0.02016
   4.60000	   0.07748
   4.70000	   0.13633
   4.80000	   0.08393
   4.90000	   0.07547
   5.00000	   0.04624
   5.10000	   0.02786
   5.20000	  -0.11437
   5.30000	  -0.08032
   5.40000	  -0.11113
   5.50000	  -0.14432
   5.60000	  -0.16431
   5.70000	  -0.07758
   5.80000	  -0.06480
   5.90000	  -0.04493
   6.00000	   0.04919
   6.10000	   0.04151
   6.20000	   0.05211
   6.30000	   0.01595
   6.40000	   0.00737
   6.50000	   0.07074
   6.60000	   0.03710
   6.70000	  -0.04889
   6.80000	   0.00753
   6.90000	   0.01606
   7.00000	   0.02744
   7.10000	   0.05360
   7.20000	   0.00007
   7.30000	   0.00804
   7.40000	   0.06935
   7.50000	   0.05621
   7.60000	   0.03509
   7.70000	   0.11262
   7.80000	   0.03108
   7.90000	   0.00824
   8.00000	  -0.02229
   8.10000	   0.01304
   8.20000	  -0.05781
   8.30000	   0.06282
   8.40000	   0.07849
   8.50000	   0.09890
   8.60000	   0.11470
   8.70000	   0.17861
   8.80000	   0.20179
   8.90000	   0.23706
   9.00000	   0.18357
   9.10000	   0.15459
   9.20000	   0.15782
   9.30000	   0.16597
   9.40000	   0.19118
   9.50000	   0.28568
   9.60000	   0.27085
   9.70000	   0.30107
   9.80000	   0.23451
   9.90000	   0.25759
  10.00000	   0.16513
  10.10000	   0.14820
  10.20000	   0.16643
  10.30000	   0.15678
  10.40000	   0.16973
  10.50000	   0.22744
  10.60000	   0.24443
  10.70000	   0.24597
  10.80000	   0.20013
  10.90000	   0.23886
  11.00000	   0.21995
  11.10000	   0.22221
  11.20000	   0.13484
  11.30000	   0.18203
  11.40000	   0.19061
  11.50000	   0.32196
  11.60000	   0.33156
  11.70000	   0.36200
  11.80000	   0.37535
  11.90000	   0.40698
  12.00000	   0.39043
  12.10000	   0.44063
  12.20000	   0.31901
  12.30000	   0.35107
  12.40000	   0.29506
  12.50000	   0.32188
  12.60000	   0.25768
  12.70000	   0.16522
  12.80000	   0.19621
  12.90000	   0.16079
  13.00000	   0.13253
  13.10000	   0.12970
  13.20000	   0.11280
  13.30000	   0.19887
  13.40000	   0.21332
  13.50000	   0.24524
  13.60000	   0.27682
  13.70000	   0.28877
  13.80000	   0.27261
  13.90000	   0.20740
  14.00000	   0.24207
  14.10000	   0.18419
  14.20000	   0.25060
  14.30000	   0.16643
  14.40000	   0.12407
  14.50000	   0.10846
  14.60000	   0.06517
  14.70000	   0.00425
  14.80000	   0.03909
  14.90000	   0.13400
  15.00000	   0.06998
  15.10000	  -0.01250
  15.20000	   0.00962
  15.30000	  -0.11519
  15.40000	  -0.16407
  15.50000	  -0.07877
  15.60000	  -0.03378
  15.70000	   0.07267
  15.80000	  -0.02746
  15.90000	  -0.13419
  16.00000	  -0.16017
  16.10000	  -0.11591
  16.20000	  -0.18938
  16.30000	  -0.17970
  16.40000	  -0.23582
  16.50000	  -0.29988
  16.60000	  -0.29589
  16.70000	  -0.30734
  16.80000	  -0.25976
  16.90000	  -0.25733
  17.00000	  -0.30259
  17.10000	  -0.27339
  17.20000	  -0.29318
  17.30000	  -0.32135
  17.40000	  -0.39287
  17.50000	  -0.34844
  17.60000	  -0.33611
  17.70000	  -0.42612
  17.80000	  -0.42725
  17.90000	  -0.40948
  18.00000	  -0.39547
  18.10000	  -0.42271
  18.20000	  -0.54007
  18.30000	  -0.51198
  18.40000	  -0.53731
  18.50000	  -0.55317
  18.60000	  -0.54153
  18.70000	  -0.44825
  18.80000	  -0.38320
  18.90000	  -0.28520
  19.00000	  -0.29437
  19.10000	  -0.29317
  19.20000	  -0.32920
  19.30000	  -0.26794
  19.40000	  -0.17902
  19.50000	  -0.16626
  19.60000	  -0.18959
  19.70000	  -0.20006
  19.80000	  -0.24132
  19.90000	  -0.20596
  20.00000	  -0.30442
  20.10000	  -0.42509
  20.20000	  -0.41017
  20.30000	  -0.42993
  20.40000	  -0.42308
  20.50000	  -0.37147
  20.60000	  -0.43423
  20.70000	  -0.32037
  20.80000	  -0.42507
  20.90000	  -0.47049
  21.00000	  -0.50939
  21.10000	  -0.48811
  21.20000	  -0.44220
  21.30000	  -0.34812
  21.40000	  -0.35703
  21.50000	  -0.34790
  21.60000	  -0.36664
  21.70000	  -0.37514
  21.80000	  -0.34140
  21.90000	  -0.38299
  22.00000	  -0.37568
  22.10000	  -0.46453
  22.20000	  -0.50419
  22.30000	  -0.51091
  22.40000	  -0.42618
  22.50000	  -0.39636
  22.60000	  -0.34536
  22.70000	  -0.27638
  22.80000	  -0.26167
  22.90000	  -0.30083
  23.00000	  -0.24598
  23.10000	  -0.25246
  23.20000	  -0.30307
  23.30000	  -0.24258
  23.40000	  -0.28763
  23.50000	  -0.35553
  23.60000	  -0.33373
  23.70000	  -0.31480
  23.80000	  -0.26293
  23.90000	  -0.30695
  24.00000	  -0.33219
  24.10000	  -0.31892
  24.20000	  -0.30889
  24.30000	  -0.31982
  24.40000	  -0.36332
  24.50000	  -0.33790
  24.60000	  -0.30818
  24.70000	  -0.28350
  24.80000	  -0.33680
  24.90000	  -0.41676
  25.00000	  -0.36776
  25.10000	  -0.41281
  25.20000	  -0.44900
  25.30000	  -0.51110
  25.40000	  -0.53162
  25.50000	  -0.53232
  25.60000	  -0.45719
  25.70000	  -0.49092
  25.80000	  -0.46722
  25.90000	  -0.37285
  26.00000	  -0.40448
  26.10000	  -0.44706
  26.20000	  -0.40059
  26.30000	  -0.50358
  26.40000	  -0.52661
  26.50000	  -0.52328
  26.60000	  -0.56108
  26.70000	  -0.45936
  26.80000	  -0.37558
  26.90000	  -0.40130
  27.00000	  -0.43408
  27.10000	  -0.54675
  27.20000	  -0.53685
  27.30000	  -0.59007
  27.40000	  -0.54889
  27.50000	  -0.59932
  27.60000	  -0.63775
  27.70000	  -0.67180
  27.80000	  -0.63489
  27.90000	  -0.62755
  28.00000	  -0.67309
  28.10000	  -0.58292
  28.20000	  -0.53358
  28.30000	  -0.48283
  28.40000	  -0.53493
  28.50000	  -0.57441
  28.60000	  -0.59315
  28.70000	  -0.61897
  28.80000	  -0.59718
  28.90000	  -0.61092
  29.00000	  -0.57325
  29.10000	  -0.61630
  29.20000	  -0.56564
  29.30000	  -0.53850
  29.40000	  -0.52512
  29.50000	  -0.62159
  29.60000	  -0.58104
  29.70000	  -0.64077
  29.80000	  -0.65441
  29.90000	  -0.66667
  30.00000	  -0.60527
  30.10000	  -0.57209
  30.20000	  -0.48240
  30.30000	  -0.40868
  30.40000	  -0.40328
  30.50000	  -0.27248
  30.60000	  -0.19872
  30.70000	  -0.14012
  30.80000	  -0.05828
  30.90000	  -0.07467
  31.00000	  -0.09428
  31.10000	  -0.15708
  31.20000	  -0.05464
  31.30000	  -0.09513
  31.40000	  -0.06773
  31.50000	  -0.04764
  31.60000	  -0.07160
  31.70000	  -0.01811
  31.80000	   0.06455
  31.90000	   0.02837
  32.00000	   0.02158
  32.10000	  -0.08982
  32.20000	  -0.08417
  32.30000	  -0.13831
  32.40000	  -0.17172
  32.50000	  -0.18818
  32.60000	  -0.13816
  32.70000	   0.04324
  32.80000	  -0.01629
  32.90000	   0.01590
  33.00000	   0.00981
  33.10000	   0.02645
  33.20000	   0.01541
  33.30000	  -0.04650
  33.40000	  -0.09561
  33.50000	  -0.02958
  33.60000	   0.04870
  33.70000	   0.06919
  33.80000	   0.09266
  33.90000	   0.05508
  34.00000	   0.05635
  34.10000	   0.08138
  34.20000	   0.05036
  34.30000	   0.04476
  34.40000	   0.04818
  34.50000	   0.07502
  34.60000	   0.00055
  34.70000	  -0.01248
  34.80000	  -0.01889
  34.90000	  -0.00079
  35.00000	   0.01366
  35.10000	   0.02305
  35.20000	   0.09250
  35.30000	   0.17564
  35.40000	   0.18399
  35.50000	   0.18630
  35.60000	   0.21813
  35.70000	   0.13193
  35.80000	   0.26222
  35.90000	   0.33526
  36.00000	   0.36739
  36.10000	   0.36521
  36.20000	   0.34791
  36.30000	   0.38484
  36.40000	   0.39081
  36.50000	   0.35193
  36.60000	   0.35507
  36.70000	   0.38721
  36.80000	   0.39352
  36.90000	   0.37396
  37.00000	   0.30233
  37.10000	   0.21533
  37.20000	   0.24353
  37.30000	   0.28282
  37.40000	   0.24648
  37.50000	   0.24851
  37.60000	   0.32806
  37.70000	   0.32059
  37.80000	   0.37292
  37.90000	   0.36436
  38.00000	   0.41169
  38.10000	   0.38981
  38.20000	   0.39697
  38.30000	   0.37551
  38.40000	   0.29957
  38.50000	   0.29815
  38.60000	   0.14023
  38.70000	   0.17355
  38.80000	   0.12183
  38.90000	   0.04209
  39.00000	   0.06243
  39.10000	   0.04117
  39.20000	   0.07292
  39.30000	   0.12994
  39.40000	   0.09382
  39.50000	   0.15637
  39.60000	   0.14708
  39.70000	   0.18939
  39.80000	   0.15177
  39.90000	   0.15777
  40.00000	   0.11146
  40.10000	   0.10577
  40.20000	   0.13329
  40.30000	   0.17754
  40.40000	   0.16536
  40.50000	   0.12458
  40.60000	   0.14983
  40.70000	   0.07431
  40.80000	   0.10049
  40.90000	   0.16263
  41.00000	   0.21461
  41.10000	   0.27097
  41.20000	   0.30618
  41.30000	   0.26643
  41.40000	   0.21745
  41.50000	   0.23761
  41.60000	   0.37266
  41.70000	   0.35387
  41.80000	   0.27676
  41.90000	   0.25420
  42.00000	   0.31042
  42.10000	   0.30744
  42.20000	   0.22789
  42.30000	   0.23709
  42.40000	   0.23245
  42.50000	   0.29787
  42.60000	   0.25606
  42.70000	   0.20121
  42.80000	   0.15597
  42.90000	   0.19716
  43.00000	   0.21566
  43.10000	   0.20178
  43.20000	   0.19934
  43.30000	   0.21226
  43.40000	   0.19647
  43.50000	   0.18117
  43.60000	   0.18392
  43.70000	   0.17202
  43.80000	   0.16546
  43.90000	   0.18017
  44.00000	   0.23575
  44.10000	   0.21497
  44.20000	   0.24873
  44.30000	   0.24185
  44.40000	   0.18700
  44.50000	   0.13457
  44.60000	   0.04732
  44.70000	   0.15391
  44.80000	   0.11147
  44.90000	   0.00437
  45.00000	   0.00275
  45.10000	   0.01809
  45.20000	   0.09955
  45.30000	   0.15559
  45.40000	   0.18414
  45.50000	   0.18664
  45.60000	   0.11825
  45.70000	   0.09327
  45.80000	   0.01127
  45.90000	   0.04662
  46.00000	   0.05486
  46.10000	   0.08614
  46.20000	  -0.04396
  46.30000	  -0.13190
  46.40000	  -0.08137
  46.50000	  -0.10430
  46.60000	  -0.14450
  46.70000	  -0.06036
  46.80000	  -0.03489
  46.90000	   0.03244
  47.00000	   0.00566
  47.10000	   0.07396
  47.20000	   0.07044
  47.30000	   0.05228
  47.40000	  -0.01107
  47.50000	   0.00559
  47.60000	   0.08412
  47.70000	  -0.00108
  47.80000	   0.05924
  47.90000	   0.02251
  48.00000	  -0.02790
  48.10000	  -0.10023
  48.20000	  -0.06667
  48.30000	  -0.06700
  48.40000	  -0.16190
  48.50000	  -0.09158
  48.60000	  -0.06671
  48.70000	  -0.04762
  48.80000	  -0.03377
  48.90000	   0.00922
  49.00000	   0.09583
  49.10000	   0.11767
  49.20000	   0.13508
  49.30000	   0.09873
  49.40000	   0.08814
  49.50000	   0.14547
  49.60000	   0.06950
  49.70000	   0.10297
  49.80000	   0.06801
  49.90000	   0.02026
  50.00000	  -0.02964
  50.10000	  -0.02025
  50.20000	  -0.07751
  50.30000	  -0.08763
  50.40000	  -0.06813
  50.50000	  -0.09393
  50.60000	  -0.15355
  50.70000	  -0.11236
  50.80000	  -0.14663
  50.90000	  -0.11830
  51.00000	  -0.15408
  51.10000	  -0.21775
  51.20000	  -0.15630
  51.30000	  -0.18209
  51.40000	  -0.20720
  51.50000	  -0.26790
  51.60000	  -0.20308
  51.70000	  -0.12890
  51.80000	  -0.04584
  51.90000	   0.08223
  52.00000	   0.07146
  52.10000	   0.10649
  52.20000	   0.08629
  52.30000	   0.19232
  52.40000	   0.16092
  52.50000	   0.15435
  52.60000	   0.15162
  52.70000	   0.08746
  52.80000	   0.06410
  52.90000	   0.09565
  53.00000	   0.02885
  53.10000	   0.09958
  53.20000	   0.02384
  53.30000	   0.11022
  53.40000	   0.13723
  53.50000	   0.01388
  53.60000	   0.00635
  53.70000	   0.02739
  53.80000	   0.11593
  53.90000	   0.14599
  54.00000	   0.18037
  54.10000	   0.06268
  54.20000	   0.10838
  54.30000	   0.13775
  54.40000	   0.12174
  54.50000	   0.04586
  54.60000	   0.22702
  54.70000	   0.17222
  54.80000	   0.10926
  54.90000	   0.13701
  55.00000	  -0.01007
  55.10000	   0.01019
  55.20000	   0.07956
  55.30000	   0.08884
  55.40000	   0.18538
  55.50000	   0.23153
  55.60000	   0.10046
  55.70000	   0.03680
  55.80000	   0.10267
  55.90000	   0.09995
  56.00000	   0.08352
  56.10000	   0.06266
  56.20000	   0.04663
  56.30000	   0.12240
  56.40000	   0.10984
  56.50000	   0.13641
  56.60000	   0.09809
  56.70000	   0.11123
  56.80000	   0.14296
  56.90000	   0.06021
  57.00000	   0.04001
  57.10000	   0.08119
  57.20000	  -0.03166
  57.30000	   0.09411
  57.40000	   0.08365
  57.50000	   0.00173
  57.60000	  -0.00265
  57.70000	   0.00481
  57.80000	  -0.05801
  57.90000	  -0.05143
  58.00000	  -0.08690
  58.10000	  -0.05732
  58.20000	  -0.12327
  58.30000	  -0.12618
  58.40000	  -0.17406
  58.50000	  -0.10946
  58.60000	  -0.07088
  58.70000	  -0.02699
  58.80000	  -0.06661
  58.90000	  -0.13629
  59.00000	  -0.16003
  59.10000	  -0.11055
  59.20000	  -0.14766
  59.30000	  -0.09250
  59.40000	  -0.16010
  59.50000	  -0.13710
  59.60000	  -0.21326
  59.70000	  -0.22060
  59.80000	  -0.13878
  59.90000	  -0.09246
  60.00000	  -0.07301
  60.10000	  -0.08114
  60.20000	  -0.07629
  60.30000	  -0.09812
  60.40000	  -0.17392
  60.50000	  -0.11148
  60.60000	  -0.20461
  60.70000	  -0.17282
  60.80000	  -0.24895
  60.90000	  -0.18090
  61.00000	  -0.18286
  61.10000	  -0.09753
  61.20000	  -0.15900
  61.30000	  -0.10114
  61.40000	  -0.15220
  61.50000	  -0.19771
  61.60000	  -0.26291
  61.70000	  -0.26684
  61.80000	  -0.25195
  61.90000	  -0.18445
  62.00000	  -0.24744
  62.10000	  -0.23044
  62.20000	  -0.13229
  62.30000	  -0.21760
  62.40000	  -0.20167
  62.50000	  -0.14799
  62.60000	  -0.13252
  62.70000	  -0.13899
  62.80000	  -0.18787
  62.90000	  -0.16617
  63.00000	  -0.17989
  63.10000	  -0.20686
  63.20000	  -0.22217
  63.30000	  -0.19762
  63.40000	  -0.27081
  63.50000	  -0.29508
  63.60000	  -0.27318
  63.70000	  -0.14233
  63.80000	  -0.14651
  63.90000	  -0.07654
  64.00000	  -0.06115
  64.10000	  -0.13360
  64.20000	  -0.00140
  64.30000	   0.06327
  64.40000	   0.09192
  64.50000	   0.08243
  64.60000	   0.09964
  64.70000	   0.09167
  64.80000	   0.12035
  64.90000	   0.16958
  65.00000	   0.05458
  65.10000	   0.16530
  65.20000	   0.21806
  65.30000	   0.29458
  65.40000	   0.18972
  65.50000	   0.07254
  65.60000	   0.13418
  65.70000	   0.17113
  65.80000	   0.12935
  65.90000	   0.15808
  66.00000	   0.21141
  66.10000	   0.08874
  66.20000	   0.07935
  66.30000	   0.12288
  66.40000	   0.12577
  66.50000	   0.07405
  66.60000	   0.05161
  66.70000	   0.07712
  66.80000	   0.10651
  66.90000	   0.11053
  67.00000	   0.09627
  67.10000	   0.10256
  67.20000	   0.11146
  67.30000	   0.14277
  67.40000	   0.08825
  67.50000	   0.03020
  67.60000	   0.08903
  67.70000	   0.09522
  67.80000	   0.11134
  67.90000	   0.17136
  68.00000	   0.17890
  68.10000	   0.22125
  68.20000	   0.21283
  68.30000	   0.24026
  68.40000	   0.19177
  68.50000	   0.26646
  68.60000	   0.32740
  68.70000	   0.34002
  68.80000	   0.32683
  68.90000	   0.31536
  69.00000	   0.33191
  69.10000	   0.33357
  69.20000	   0.28299
  69.30000	   0.23900
  69.40000	   0.21848
  69.50000	   0.14191
  69.60000	   0.14556
  69.70000	   0.13906
  69.80000	   0.10448
  69.90000	  -0.02130
  70.00000	  -0.09400
  70.10000	  -0.04317
  70.20000	   0.02402
  70.30000	  -0.10632
  70.40000	  -0.12530
  70.50000	  -0.12652
  70.60000	  -0.18029
  70.70000	  -0.13139
  70.80000	  -0.13155
  70.90000	  -0.11779
  71.00000	  -0.11357
  71.10000	  -0.13740
  71.20000	  -0.10713
  71.30000	  -0.14189
  71.40000	  -0.20803
  71.50000	  -0.28445
  71.60000	  -0.24020
  71.70000	  -0.27284
  71.80000	  -0.35089
  71.90000	  -0.39389
  72.00000	  -0.41904
  72.10000	  -0.34432
  72.20000	  -0.25875
  72.30000	  -0.28526
  72.40000	  -0.24095
  72.50000	  -0.11953
  72.60000	  -0.15257
  72.70000	  -0.15631
  72.80000	  -0.20378
  72.90000	  -0.11660
  73.00000	  -0.12943
  73.10000	  -0.10603
  73.20000	  -0.08368
  73.30000	  -0.05042
  73.40000	  -0.04602
  73.50000	  -0.04471
  73.60000	  -0.08641
  73.70000	  -0.18075
  73.80000	  -0.20261
  73.90000	  -0.15659
  74.00000	  -0.14043
  74.10000	  -0.23472
  74.20000	  -0.25890
  74.30000	  -0.21423
  74.40000	  -0.28236
  74.50000	  -0.25422
  74.60000	  -0.33245
  74.70000	  -0.33155
  74.80000	  -0.28763
  74.90000	  -0.21683
  75.00000	  -0.19803
  75.10000	  -0.16940
  75.20000	  -0.20546
  75.30000	  -0.18850
  75.40000	  -0.09340
  75.50000	  -0.08183
  75.60000	  -0.15831
  75.70000	  -0.26311
  75.80000	  -0.26715
  75.90000	  -0.27797
  76.00000	  -0.24675
  76.10000	  -0.26220
  76.20000	  -0.24107
  76.30000	  -0.20992
  76.40000	  -0.29943
  76.50000	  -0.24591
  76.60000	  -0.21905
  76.70000	  -0.29650
  76.80000	  -0.39260
  76.90000	  -0.36115
  77.00000	  -0.26242
  77.10000	  -0.23657
  77.20000	  -0.18861
  77.30000	  -0.13195
  77.40000	  -0.09434
  77.50000	  -0.23695
  77.60000	  -0.29513
  77.70000	  -0.22418
  77.80000	  -0.26457
  77.90000	  -0.32624
  78.00000	  -0.37044
  78.10000	  -0.33463
  78.20000	  -0.27678
  78.30000	  -0.29687
  78.40000	  -0.20861
  78.50000	  -0.26619
  78.60000	  -0.25479
  78.70000	  -0.22824
  78.80000	  -0.19750
  78.90000	  -0.21034
  79.00000	  -0.18961
  79.10000	  -0.15399
  79.20000	  -0.22025
  79.30000	  -0.27609
  79.40000	  -0.24440
  79.50000	  -0.24641
  79.60000	  -0.17072
  79.70000	  -0.22247
  79.80000	  -0.16957
  79.90000	  -0.09100
  80.00000	  -0.05880
  80.10000	  -0.11274
  80.20000	  -0.16992
  80.30000	  -0.21669
  80.40000	  -0.21264
  80.50000	  -0.18614
  80.60000	  -0.10904
  80.70000	  -0.10522
  80.80000	  -0.07766
  80.90000	  -0.04967
  81.00000	  -0.05109
  81.10000	  -0.03616
  81.20000	  -0.13155
  81.30000	  -0.16568
  81.40000	  -0.22419
  81.50000	  -0.27050
  81.60000	  -0.26932
  81.70000	  -0.34540
  81.80000	  -0.33757
  81.90000	  -0.27601
  82.00000	  -0.30366
  82.10000	  -0.27460
  82.20000	  -0.24438
  82.30000	  -0.19956
  82.40000	  -0.33958
  82.50000	  -0.27723
  82.60000	  -0.23372
  82.70000	  -0.25475
  82.80000	  -0.26714
  82.90000	  -0.28480
  83.00000	  -0.37496
  83.10000	  -0.33628
  83.20000	  -0.28590
  83.30000	  -0.27847
  83.40000	  -0.36732
  83.50000	  -0.46065
  83.60000	  -0.50271
  83.70000	  -0.47145
  83.80000	  -0.47667
  83.90000	  -0.41813
  84.00000	  -0.39206
  84.10000	  -0.43798
  84.20000	  -0.41540
  84.30000	  -0.35463
  84.40000	  -0.36928
  84.50000	  -0.36327
  84.60000	  -0.40969
  84.70000	  -0.48358
  84.80000	  -0.47626
  84.90000	  -0.45741
  85.00000	  -0.54843
  85.10000	  -0.56035
  85.20000	  -0.58649
  85.30000	  -0.50488
  85.40000	  -0.51305
  85.50000	  -0.56884
  85.60000	  -0.56895
  85.70000	  -0.56120
  85.80000	  -0.46506
  85.90000	  -0.55722
  86.00000	  -0.56517
  86.10000	  -0.54375
  86.20000	  -0.49458
  86.30000	  -0.58673
  86.40000	  -0.59665
  86.50000	  -0.63468
  86.60000	  -0.55012
  86.70000	  -0.58427
  86.80000	  -0.55311
  86.90000	  -0.60936
  87.00000	  -0.60036
  87.10000	  -0.57058
  87.20000	  -0.44990
  87.30000	  -0.50675
  87.40000	  -0.48187
  87.50000	  -0.40645
  87.60000	  -0.28854
  87.70000	  -0.28015
  87.80000	  -0.26224
  87.90000	  -0.19115
  88.00000	  -0.01415
  88.10000	  -0.03549
  88.20000	  -0.11959
  88.30000	  -0.06074
  88.40000	  -0.05455
  88.50000	  -0.09922
  88.60000	  -0.11870
  88.70000	  -0.15603
  88.80000	  -0.34170
  88.90000	  -0.23101
  89.00000	  -0.17797
  89.10000	  -0.21623
  89.20000	  -0.13311
  89.30000	  -0.12356
  89.40000	  -0.05477
  89.50000	   0.04667
  89.60000	  -0.01389
  89.70000	  -0.03851
  89.80000	  -0.12447
  89.90000	  -0.13364
  90.00000	  -0.04374
  90.10000	  -0.11005
  90.20000	  -0.05267
  90.30000	  -0.06812
  90.40000	  -0.14887
  90.50000	  -0.09335
  90.60000	  -0.10687
  90.70000	  -0.21899
  90.80000	  -0.15280
  90.90000	  -0.14180
  91.00000	  -0.08564
  91.10000	  -0.09519
  91.20000	  -0.10051
  91.30000	  -0.12317
  91.40000	  -0.11695
  91.50000	  -0.04701
  91.60000	  -0.13378
  91.70000	  -0.11773
  91.80000	  -0.02064
  91.90000	   0.02792
  92.00000	  -0.02724
  92.10000	  -0.02239
  92.20000	  -0.16830
  92.30000	  -0.20294
  92.40000	  -0.18516
  92.50000	  -0.14286
  92.60000	  -0.06271
  92.70000	   0.00374
  92.80000	  -0.02922
  92.90000	   0.03746
  93.00000	   0.13219
  93.10000	   0.08496
  93.20000	   0.03700
  93.30000	   0.05544
  93.40000	   0.03048
  93.50000	   0.10115
  93.60000	   0.13855
  93.70000	   0.20265
  93.80000	   0.16739
  93.90000	   0.13140
  94.00000	   0.13275
  94.10000	   0.13825
  94.20000	   0.02612
  94.30000	   0.12955
  94.40000	   0.09094
  94.50000	   0.11019
  94.60000	   0.04778
  94.70000	  -0.01110
  94.80000	   0.01667
  94.90000	   0.07148
  95.00000	   0.04365
  95.10000	   0.12640
  95.20000	   0.06293
  95.30000	  -0.08680
  95.40000	  -0.06783
  95.50000	  -0.08074
  95.60000	  -0.13202
  95.70000	  -0.20371
  95.80000	  -0.19084
  95.90000	  -0.19752
  96.00000	  -0.21766
  96.10000	  -0.16146
  96.20000	  -0.15470
  96.30000	  -0.07181
  96.40000	  -0.09205
  96.50000	   0.01157
  96.60000	   0.06073
  96.70000	   0.07076
  96.80000	   0.10051
  96.90000	   0.16506
  97.00000	   0.21619
  97.10000	   0.13148
  97.20000	   0.07340
  97.30000	   0.04867
  97.40000	   0.12012
  97.50000	   0.16686
  97.60000	   0.18146
  97.70000	   0.22710
  97.80000	   0.19979
  97.90000	   0.21182
  98.00000	   0.12742
  98.10000	   0.11935
  98.20000	   0.20994
  98.30000	   0.16269
  98.40000	   0.14515
  98.50000	   0.13672
  98.60000	   0.16541
  98.70000	   0.17371
  98.80000	   0.23565
  98.90000	   0.27219
  99.00000	   0.24398
  99.10000	   0.34420
  99.20000	   0.29389
  99.30000	   0.32729
  99.40000	   0.22883
  99.50000	   0.23871
  99.60000	   0.13360
  99.70000	   0.13526
  99.80000	   0.17315
  99.90000	   0.16692
