# gamma	ks
  12.66312	  60.86301
   0.00000	   0.00034
   0.10000	   0.09959
   0.20000	   0.01837
   0.30000	  -0.07669
   0.40000	  -0.06310
   0.50000	   0.00115
   0.60000	  -0.00825
   0.70000	  -0.00792
   0.80000	  -0.06821
   0.90000	  -0.10705
   1.00000	  -0.05139
   1.10000	  -0.13245
   1.20000	  -0.10377
   1.30000	  -0.02393
   1.40000	  -0.00065
   1.50000	   0.07685
   1.60000	   0.01381
   1.70000	  -0.01054
   1.80000	   0.03249
   1.90000	   0.02213
   2.00000	   0.05882
   2.10000	  -0.04258
   2.20000	  -0.07180
   2.30000	  -0.00634
   2.40000	   0.04085
   2.50000	   0.02265
   2.60000	  -0.00736
   2.70000	  -0.00673
   2.80000	   0.00399
   2.90000	  -0.04447
   3.00000	  -0.10882
   3.10000	   0.05995
   3.20000	   0.17730
   3.30000	   0.11940
   3.40000	   0.13939
   3.50000	   0.11949
   3.60000	   0.13282
   3.70000	   0.03065
   3.80000	  -0.00738
   3.90000	   0.02746
   4.00000	   0.04898
   4.10000	   0.08193
   4.20000	   0.03675
   4.30000	   0.04460
   4.40000	  -0.12341
   4.50000	  -0.20519
   4.60000	  -0.17228
   4.70000	  -0.10408
   4.80000	   0.10702
   4.90000	   0.29421
   5.00000	   0.18360
   5.10000	  -0.04966
   5.20000	  -0.22002
   5.30000	  -0.18822
   5.40000	  -0.09041
   5.50000	   0.08376
   5.60000	   0.12267
   5.70000	   0.22009
   5.80000	   0.16811
   5.90000	   0.18848
   6.00000	   0.04801
   6.10000	  -0.10138
   6.20000	  -0.13729
   6.30000	  -0.05932
   6.40000	  -0.10260
   6.50000	  -0.07648
   6.60000	   0.03453
   6.70000	   0.13541
   6.80000	   0.16481
   6.90000	   0.21419
   7.00000	   0.14024
   7.10000	   0.04326
   7.20000	   0.08033
   7.30000	   0.13452
   7.40000	   0.12793
   7.50000	   0.05292
   7.60000	   0.04089
   7.70000	   0.08734
   7.80000	   0.07390
   7.90000	   0.03930
   8.00000	   0.08432
   8.10000	   0.13861
   8.20000	   0.15648
   8.30000	   0.16551
   8.40000	   0.13219
   8.50000	   0.06822
   8.60000	  -0.03132
   8.70000	  -0.04487
   8.80000	  -0.03190
   8.90000	   0.06375
   9.00000	   0.01056
   9.10000	  -0.07738
   9.20000	   0.02014
   9.30000	   0.04012
   9.40000	   0.14059
   9.50000	   0.19323
   9.60000	   0.16645
   9.70000	   0.12291
   9.80000	   0.13869
   9.90000	   0.13271
  10.00000	   0.03370
  10.10000	  -0.02407
  10.20000	  -0.01965
  10.30000	   0.00510
  10.40000	   0.05267
  10.50000	   0.01440
  10.60000	   0.06280
  10.70000	  -0.04627
  10.80000	  -0.02992
  10.90000	  -0.08708
  11.00000	  -0.09075
  11.10000	  -0.03207
  11.20000	  -0.02531
  11.30000	   0.06451
  11.40000	   0.15521
  11.50000	   0.17607
  11.60000	   0.13162
  11.70000	   0.07716
  11.80000	   0.02996
  11.90000	  -0.00690
  12.00000	   0.05377
  12.10000	   0.10512
  12.20000	   0.05896
  12.30000	  -0.02703
  12.40000	  -0.07909
  12.50000	  -0.07700
  12.60000	  -0.11134
  12.70000	  -0.14542
  12.80000	  -0.12669
  12.90000	  -0.11662
  13.00000	  -0.15306
  13.10000	  -0.14706
  13.20000	  -0.02512
  13.30000	   0.07205
  13.40000	   0.09612
  13.50000	  -0.03289
  13.60000	  -0.17952
  13.70000	  -0.33722
  13.80000	  -0.39637
  13.90000	  -0.38497
  14.00000	  -0.29971
  14.10000	  -0.20630
  14.20000	  -0.04914
  14.30000	  -0.00225
  14.40000	   0.11846
  14.50000	   0.12752
  14.60000	   0.10994
  14.70000	   0.05348
  14.80000	  -0.00721
  14.90000	   0.03588
  15.00000	   0.02414
  15.10000	   0.10433
  15.20000	   0.17051
  15.30000	   0.12142
  15.40000	   0.01411
  15.50000	  -0.11813
  15.60000	  -0.08703
  15.70000	  -0.04535
  15.80000	   0.02629
  15.90000	   0.12343
  16.00000	   0.07084
  16.10000	   0.00168
  16.20000	  -0.00379
  16.30000	  -0.03395
  16.40000	  -0.02668
  16.50000	   0.05270
  16.60000	   0.07269
  16.70000	   0.12767
  16.80000	   0.17573
  16.90000	   0.19592
  17.00000	   0.22668
  17.10000	   0.15335
  17.20000	  -0.08303
  17.30000	  -0.15940
  17.40000	  -0.18823
  17.50000	  -0.21326
  17.60000	  -0.15027
  17.70000	   0.00410
  17.80000	   0.08920
  17.90000	   0.09260
  18.00000	   0.13519
  18.10000	   0.27681
  18.20000	   0.29147
  18.30000	   0.22874
  18.40000	   0.08144
  18.50000	  -0.07586
  18.60000	  -0.14528
  18.70000	   0.02137
  18.80000	   0.12506
  18.90000	   0.09162
  19.00000	   0.07505
  19.10000	   0.10420
  19.20000	   0.15865
  19.30000	   0.12319
  19.40000	   0.03208
  19.50000	  -0.07949
  19.60000	  -0.17311
  19.70000	  -0.10933
  19.80000	  -0.01494
  19.90000	  -0.00660
  20.00000	   0.00243
  20.10000	   0.15484
  20.20000	   0.13894
  20.30000	   0.02438
  20.40000	   0.00396
  20.50000	   0.03118
  20.60000	  -0.03109
  20.70000	  -0.01453
  20.80000	  -0.12704
  20.90000	  -0.02842
  21.00000	   0.02164
  21.10000	  -0.11023
  21.20000	  -0.12842
  21.30000	  -0.10175
  21.40000	  -0.05883
  21.50000	  -0.13697
  21.60000	  -0.04282
  21.70000	   0.05274
  21.80000	   0.04145
  21.90000	   0.09000
  22.00000	  -0.02798
  22.10000	   0.01391
  22.20000	   0.04077
  22.30000	   0.07225
  22.40000	   0.05023
  22.50000	   0.00097
  22.60000	  -0.12619
  22.70000	  -0.02578
  22.80000	  -0.02098
  22.90000	  -0.06187
  23.00000	  -0.08890
  23.10000	  -0.13806
  23.20000	  -0.09066
  23.30000	  -0.01756
  23.40000	  -0.03069
  23.50000	   0.00513
  23.60000	   0.03811
  23.70000	  -0.03477
  23.80000	  -0.10303
  23.90000	  -0.09662
  24.00000	  -0.07835
  24.10000	   0.00033
  24.20000	   0.06453
  24.30000	   0.01205
  24.40000	  -0.02483
  24.50000	  -0.08121
  24.60000	  -0.13167
  24.70000	  -0.24908
  24.80000	  -0.23803
  24.90000	  -0.16452
  25.00000	  -0.19112
  25.10000	  -0.24545
  25.20000	  -0.19959
  25.30000	  -0.10919
  25.40000	  -0.09580
  25.50000	  -0.02496
  25.60000	  -0.03257
  25.70000	   0.02618
  25.80000	   0.03965
  25.90000	   0.05965
  26.00000	   0.05415
  26.10000	   0.13455
  26.20000	   0.12588
  26.30000	   0.16506
  26.40000	   0.12310
  26.50000	   0.02207
  26.60000	  -0.00966
  26.70000	  -0.18401
  26.80000	  -0.16367
  26.90000	  -0.24969
  27.00000	  -0.22033
  27.10000	  -0.24717
  27.20000	  -0.05469
  27.30000	   0.04875
  27.40000	  -0.02156
  27.50000	  -0.04173
  27.60000	  -0.07819
  27.70000	  -0.17207
  27.80000	  -0.20823
  27.90000	   0.00285
  28.00000	   0.08587
  28.10000	  -0.04586
  28.20000	  -0.09431
  28.30000	  -0.16038
  28.40000	  -0.18207
  28.50000	  -0.11062
  28.60000	  -0.05610
  28.70000	  -0.03172
  28.80000	  -0.02350
  28.90000	   0.02752
  29.00000	   0.02289
  29.10000	  -0.12175
  29.20000	  -0.18256
  29.30000	  -0.12703
  29.40000	  -0.04725
  29.50000	   0.04398
  29.60000	  -0.02903
  29.70000	  -0.04036
  29.80000	  -0.09379
  29.90000	  -0.07126
  30.00000	  -0.07717
  30.10000	  -0.08148
  30.20000	  -0.07423
  30.30000	  -0.05561
  30.40000	   0.03586
  30.50000	   0.08437
  30.60000	   0.12007
  30.70000	   0.11224
  30.80000	   0.04217
  30.90000	  -0.02805
  31.00000	  -0.08661
  31.10000	  -0.06270
  31.20000	   0.02976
  31.30000	   0.09202
  31.40000	   0.14750
  31.50000	   0.07109
  31.60000	   0.00953
  31.70000	  -0.04231
  31.80000	   0.05354
  31.90000	  -0.01771
  32.00000	  -0.02749
  32.10000	  -0.04651
  32.20000	  -0.01732
  32.30000	  -0.00573
  32.40000	  -0.02077
  32.50000	  -0.04779
  32.60000	   0.03580
  32.70000	  -0.02205
  32.80000	  -0.07514
  32.90000	  -0.05975
  33.00000	  -0.02139
  33.10000	  -0.01593
  33.20000	  -0.05820
  33.30000	  -0.12866
  33.40000	  -0.18499
  33.50000	  -0.17479
  33.60000	  -0.19968
  33.70000	  -0.17223
  33.80000	  -0.17979
  33.90000	  -0.15105
  34.00000	  -0.18918
  34.10000	  -0.23400
  34.20000	  -0.25428
  34.30000	  -0.06174
  34.40000	   0.08737
  34.50000	   0.16516
  34.60000	   0.17372
  34.70000	   0.20915
  34.80000	   0.17522
  34.90000	   0.03042
  35.00000	  -0.02115
  35.10000	   0.03192
  35.20000	   0.07520
  35.30000	   0.16594
  35.40000	   0.18018
  35.50000	   0.14865
  35.60000	   0.12889
  35.70000	   0.09235
  35.80000	   0.01651
  35.90000	  -0.11540
  36.00000	  -0.04307
  36.10000	   0.01019
  36.20000	   0.04261
  36.30000	  -0.00859
  36.40000	  -0.13897
  36.50000	  -0.06122
  36.60000	   0.06646
  36.70000	   0.13447
  36.80000	   0.13964
  36.90000	   0.18326
  37.00000	   0.13187
  37.10000	   0.09551
  37.20000	   0.10988
  37.30000	   0.06934
  37.40000	   0.09731
  37.50000	   0.10205
  37.60000	   0.07576
  37.70000	  -0.03548
  37.80000	  -0.12009
  37.90000	  -0.01515
  38.00000	  -0.01450
  38.10000	  -0.06192
  38.20000	  -0.03970
  38.30000	  -0.03924
  38.40000	   0.04868
  38.50000	  -0.17272
  38.60000	  -0.39270
  38.70000	  -0.26062
  38.80000	   0.01454
  38.90000	   0.20361
  39.00000	   0.15387
  39.10000	   0.16793
  39.20000	   0.22589
  39.30000	   0.30085
  39.40000	   0.24168
  39.50000	   0.12048
  39.60000	   0.08799
  39.70000	   0.14674
  39.80000	   0.10087
  39.90000	  -0.00008
  40.00000	  -0.03331
  40.10000	  -0.02774
  40.20000	   0.15548
  40.30000	   0.15562
  40.40000	  -0.01930
  40.50000	  -0.20556
  40.60000	  -0.09212
  40.70000	  -0.01400
  40.80000	  -0.00685
  40.90000	  -0.03315
  41.00000	  -0.11920
  41.10000	  -0.15642
  41.20000	  -0.19993
  41.30000	  -0.18515
  41.40000	  -0.17302
  41.50000	  -0.13843
  41.60000	  -0.08821
  41.70000	  -0.17472
  41.80000	  -0.23858
  41.90000	  -0.13879
  42.00000	  -0.06276
  42.10000	   0.06363
  42.20000	   0.18863
  42.30000	   0.15701
  42.40000	   0.08880
  42.50000	   0.11884
  42.60000	   0.21160
  42.70000	  -0.01275
  42.80000	  -0.06197
  42.90000	  -0.06105
  43.00000	  -0.12521
  43.10000	  -0.11232
  43.20000	  -0.13422
  43.30000	  -0.06537
  43.40000	   0.07372
  43.50000	   0.10400
  43.60000	   0.17598
  43.70000	   0.11405
  43.80000	   0.09546
  43.90000	  -0.01632
  44.00000	  -0.08486
  44.10000	  -0.01032
  44.20000	   0.06974
  44.30000	   0.10794
  44.40000	   0.11700
  44.50000	   0.13588
  44.60000	   0.19397
  44.70000	   0.20631
  44.80000	   0.17199
  44.90000	   0.06217
  45.00000	  -0.08797
  45.10000	  -0.10922
  45.20000	  -0.00823
  45.30000	   0.02666
  45.40000	   0.00543
  45.50000	   0.02539
  45.60000	   0.03041
  45.70000	  -0.04559
  45.80000	   0.01850
  45.90000	   0.10948
  46.00000	   0.17255
  46.10000	   0.23839
  46.20000	   0.11070
  46.30000	  -0.01547
  46.40000	  -0.05735
  46.50000	   0.05253
  46.60000	   0.09338
  46.70000	   0.05917
  46.80000	   0.06477
  46.90000	   0.01256
  47.00000	   0.01425
  47.10000	  -0.04503
  47.20000	  -0.00097
  47.30000	  -0.07556
  47.40000	  -0.14080
  47.50000	  -0.11344
  47.60000	  -0.00566
  47.70000	   0.06167
  47.80000	   0.01909
  47.90000	  -0.05831
  48.00000	  -0.17530
  48.10000	  -0.03638
  48.20000	   0.08850
  48.30000	   0.01490
  48.40000	   0.00423
  48.50000	  -0.02831
  48.60000	  -0.01131
  48.70000	  -0.09510
  48.80000	  -0.06475
  48.90000	  -0.02972
  49.00000	  -0.06742
  49.10000	  -0.03800
  49.20000	  -0.00071
  49.30000	   0.03472
  49.40000	   0.02121
  49.50000	   0.00512
  49.60000	  -0.02112
  49.70000	  -0.02441
  49.80000	  -0.05463
  49.90000	  -0.04809
  50.00000	  -0.12297
  50.10000	  -0.13098
  50.20000	  -0.15902
  50.30000	  -0.13759
  50.40000	   0.01565
  50.50000	   0.23948
  50.60000	   0.21539
  50.70000	   0.23671
  50.80000	   0.16239
  50.90000	   0.13431
  51.00000	   0.16161
  51.10000	   0.16703
  51.20000	   0.18454
  51.30000	   0.09038
  51.40000	   0.01966
  51.50000	  -0.03504
  51.60000	  -0.00598
  51.70000	  -0.02807
  51.80000	   0.06868
  51.90000	   0.09820
  52.00000	   0.03342
  52.10000	  -0.06834
  52.20000	  -0.13435
  52.30000	  -0.20950
  52.40000	  -0.21755
  52.50000	  -0.20130
  52.60000	  -0.12642
  52.70000	  -0.07036
  52.80000	  -0.00956
  52.90000	  -0.07903
  53.00000	  -0.12789
  53.10000	  -0.09757
  53.20000	  -0.06970
  53.30000	  -0.00825
  53.40000	  -0.05384
  53.50000	  -0.14493
  53.60000	  -0.18782
  53.70000	  -0.24141
  53.80000	  -0.15415
  53.90000	  -0.03711
  54.00000	  -0.04196
  54.10000	  -0.07157
  54.20000	  -0.03067
  54.30000	   0.03535
  54.40000	   0.03310
  54.50000	   0.17931
  54.60000	   0.11889
  54.70000	   0.09095
  54.80000	   0.02717
  54.90000	   0.03849
  55.00000	   0.04002
  55.10000	   0.02016
  55.20000	   0.07226
  55.30000	   0.09948
  55.40000	   0.07379
  55.50000	  -0.02261
  55.60000	   0.03002
  55.70000	   0.10996
  55.80000	   0.11126
  55.90000	   0.07457
  56.00000	   0.04626
  56.10000	   0.03779
  56.20000	   0.04763
  56.30000	   0.04881
  56.40000	   0.16694
  56.50000	   0.16691
  56.60000	   0.20621
  56.70000	   0.11104
  56.80000	   0.04924
  56.90000	   0.14945
  57.00000	   0.07840
  57.10000	  -0.02244
  57.20000	  -0.14341
  57.30000	  -0.14171
  57.40000	  -0.06421
  57.50000	   0.00292
  57.60000	  -0.01740
  57.70000	   0.01480
  57.80000	   0.02509
  57.90000	   0.08297
  58.00000	   0.13945
  58.10000	  -0.03757
  58.20000	  -0.25049
  58.30000	  -0.35636
  58.40000	  -0.17655
  58.50000	  -0.06503
  58.60000	   0.00440
  58.70000	  -0.01710
  58.80000	  -0.15559
  58.90000	  -0.27817
  59.00000	  -0.24500
  59.10000	  -0.18165
  59.20000	  -0.11940
  59.30000	  -0.06310
  59.40000	   0.06078
  59.50000	   0.05589
  59.60000	   0.02601
  59.70000	   0.01028
  59.80000	  -0.05932
  59.90000	  -0.06303
  60.00000	  -0.12167
  60.10000	  -0.22684
  60.20000	  -0.03466
  60.30000	   0.11859
  60.40000	   0.05325
  60.50000	   0.03564
  60.60000	   0.09242
  60.70000	   0.18861
  60.80000	   0.24158
  60.90000	   0.25373
  61.00000	   0.24997
  61.10000	   0.13397
  61.20000	   0.04799
  61.30000	  -0.03887
  61.40000	   0.01749
  61.50000	   0.12355
  61.60000	   0.11060
  61.70000	   0.13064
  61.80000	   0.02274
  61.90000	   0.01566
  62.00000	   0.02738
  62.10000	   0.06904
  62.20000	   0.05707
  62.30000	   0.01796
  62.40000	   0.02998
  62.50000	   0.07778
  62.60000	   0.04506
  62.70000	  -0.00353
  62.80000	  -0.06595
  62.90000	  -0.12325
  63.00000	  -0.14462
  63.10000	   0.01160
  63.20000	   0.02508
  63.30000	   0.06875
  63.40000	   0.03062
  63.50000	   0.05639
  63.60000	  -0.02113
  63.70000	   0.00460
  63.80000	   0.15153
  63.90000	   0.10245
  64.00000	   0.14757
  64.10000	   0.14786
  64.20000	   0.12606
  64.30000	   0.05164
  64.40000	   0.02570
  64.50000	  -0.08307
  64.60000	  -0.16583
  64.70000	  -0.07470
  64.80000	   0.02890
  64.90000	   0.03534
  65.00000	  -0.00222
  65.10000	  -0.08114
  65.20000	  -0.03496
  65.30000	   0.13675
  65.40000	   0.13894
  65.50000	   0.17207
  65.60000	   0.21326
  65.70000	   0.12208
  65.80000	   0.01398
  65.90000	  -0.06217
  66.00000	  -0.14547
  66.10000	  -0.14780
  66.20000	  -0.14051
  66.30000	  -0.14565
  66.40000	  -0.11609
  66.50000	   0.00399
  66.60000	   0.07017
  66.70000	   0.01592
  66.80000	  -0.10196
  66.90000	   0.05248
  67.00000	   0.06846
  67.10000	   0.07431
  67.20000	   0.04688
  67.30000	  -0.02795
  67.40000	  -0.02824
  67.50000	  -0.02216
  67.60000	  -0.08536
  67.70000	  -0.16801
  67.80000	  -0.10848
  67.90000	  -0.06745
  68.00000	  -0.01838
  68.10000	   0.01980
  68.20000	   0.07040
  68.30000	   0.06224
  68.40000	   0.13465
  68.50000	   0.05747
  68.60000	   0.08305
  68.70000	   0.23788
  68.80000	   0.22459
  68.90000	   0.05728
  69.00000	  -0.12253
  69.10000	  -0.20621
  69.20000	  -0.24849
  69.30000	  -0.22867
  69.40000	  -0.27481
  69.50000	  -0.13682
  69.60000	   0.06800
  69.70000	   0.09521
  69.80000	   0.08545
  69.90000	   0.05895
  70.00000	  -0.01879
  70.10000	  -0.02959
  70.20000	  -0.10846
  70.30000	  -0.01501
  70.40000	   0.09078
  70.50000	   0.06945
  70.60000	   0.01626
  70.70000	  -0.01225
  70.80000	  -0.03116
  70.90000	   0.07848
  71.00000	   0.07939
  71.10000	   0.09759
  71.20000	  -0.06771
  71.30000	  -0.16913
  71.40000	  -0.12454
  71.50000	   0.00001
  71.60000	   0.16023
  71.70000	   0.23824
  71.80000	   0.10247
  71.90000	  -0.06772
  72.00000	  -0.13845
  72.10000	  -0.13746
  72.20000	  -0.04171
  72.30000	   0.00568
  72.40000	   0.08909
  72.50000	   0.16442
  72.60000	   0.18122
  72.70000	   0.11886
  72.80000	   0.06175
  72.90000	   0.02350
  73.00000	  -0.00055
  73.10000	   0.06738
  73.20000	   0.13186
  73.30000	   0.14295
  73.40000	   0.07278
  73.50000	   0.10013
  73.60000	   0.00800
  73.70000	  -0.07266
  73.80000	  -0.10974
  73.90000	  -0.08452
  74.00000	   0.07959
  74.10000	   0.12312
  74.20000	   0.05773
  74.30000	   0.01581
  74.40000	   0.06737
  74.50000	   0.02513
  74.60000	  -0.07466
  74.70000	  -0.06027
  74.80000	  -0.14659
  74.90000	  -0.11715
  75.00000	  -0.18192
  75.10000	  -0.14330
  75.20000	  -0.07954
  75.30000	  -0.06835
  75.40000	  -0.15317
  75.50000	  -0.11705
  75.60000	  -0.02248
  75.70000	   0.09006
  75.80000	   0.20158
  75.90000	   0.23920
  76.00000	   0.15802
  76.10000	   0.09587
  76.20000	  -0.04111
  76.30000	  -0.13651
  76.40000	  -0.10710
  76.50000	  -0.07447
  76.60000	  -0.08771
  76.70000	  -0.04445
  76.80000	   0.00567
  76.90000	  -0.03542
  77.00000	   0.10861
  77.10000	   0.21040
  77.20000	   0.15409
  77.30000	  -0.02142
  77.40000	  -0.06186
  77.50000	  -0.12848
  77.60000	  -0.18487
  77.70000	  -0.25202
  77.80000	  -0.24213
  77.90000	  -0.07527
  78.00000	  -0.06343
  78.10000	  -0.01812
  78.20000	  -0.02354
  78.30000	   0.00249
  78.40000	   0.04704
  78.50000	  -0.06650
  78.60000	  -0.07318
  78.70000	   0.02095
  78.80000	  -0.03002
  78.90000	  -0.11779
  79.00000	  -0.07376
  79.10000	  -0.05320
  79.20000	  -0.04770
  79.30000	  -0.10632
  79.40000	  -0.08565
  79.50000	   0.05480
  79.60000	   0.24019
  79.70000	   0.23403
  79.80000	   0.19960
  79.90000	   0.20972
  80.00000	   0.26741
  80.10000	   0.32236
  80.20000	   0.37630
  80.30000	   0.30976
  80.40000	   0.08517
  80.50000	  -0.09618
  80.60000	   0.00813
  80.70000	  -0.02267
  80.80000	  -0.06292
  80.90000	  -0.07820
  81.00000	  -0.11993
  81.10000	  -0.12900
  81.20000	  -0.08433
  81.30000	  -0.08353
  81.40000	  -0.06689
  81.50000	  -0.02865
  81.60000	   0.06109
  81.70000	   0.01626
  81.80000	  -0.11973
  81.90000	  -0.13568
  82.00000	  -0.11059
  82.10000	  -0.08279
  82.20000	  -0.16390
  82.30000	  -0.19259
  82.40000	  -0.15126
  82.50000	  -0.13352
  82.60000	  -0.03771
  82.70000	   0.02182
  82.80000	   0.07085
  82.90000	   0.18457
  83.00000	   0.19120
  83.10000	   0.06854
  83.20000	   0.00451
  83.30000	  -0.02249
  83.40000	   0.00704
  83.50000	   0.08783
  83.60000	   0.00532
  83.70000	   0.03987
  83.80000	   0.15029
  83.90000	   0.14894
  84.00000	   0.03338
  84.10000	  -0.03910
  84.20000	  -0.17393
  84.30000	  -0.21770
  84.40000	  -0.17881
  84.50000	  -0.16063
  84.60000	  -0.13053
  84.70000	  -0.11280
  84.80000	  -0.15099
  84.90000	  -0.14186
  85.00000	  -0.08649
  85.10000	  -0.03291
  85.20000	   0.05637
  85.30000	   0.07227
  85.40000	  -0.00952
  85.50000	  -0.15677
  85.60000	  -0.20668
  85.70000	  -0.24409
  85.80000	  -0.16667
  85.90000	  -0.01228
  86.00000	   0.05533
  86.10000	  -0.04742
  86.20000	  -0.25753
  86.30000	  -0.17144
  86.40000	  -0.02220
  86.50000	   0.06869
  86.60000	   0.10529
  86.70000	   0.17303
  86.80000	   0.24853
  86.90000	   0.14299
  87.00000	  -0.12284
  87.10000	  -0.25293
  87.20000	  -0.19672
  87.30000	  -0.12879
  87.40000	  -0.07888
  87.50000	   0.01979
  87.60000	   0.13487
  87.70000	   0.14818
  87.80000	   0.10710
  87.90000	  -0.11241
  88.00000	  -0.31127
  88.10000	  -0.27565
  88.20000	  -0.19409
  88.30000	  -0.18298
  88.40000	  -0.22647
  88.50000	  -0.29594
  88.60000	  -0.16540
  88.70000	  -0.07599
  88.80000	  -0.10093
  88.90000	  -0.06872
  89.00000	   0.01011
  89.10000	   0.22666
  89.20000	   0.28977
  89.30000	   0.19429
  89.40000	   0.13259
  89.50000	   0.11095
  89.60000	   0.06215
  89.70000	  -0.01313
  89.80000	  -0.17544
  89.90000	  -0.24614
  90.00000	  -0.13396
  90.10000	  -0.05634
  90.20000	  -0.03365
  90.30000	  -0.02637
  90.40000	   0.01040
  90.50000	   0.00795
  90.60000	   0.02071
  90.70000	   0.11701
  90.80000	   0.10694
  90.90000	   0.15735
  91.00000	   0.20157
  91.10000	   0.09258
  91.20000	   0.03335
  91.30000	   0.01615
  91.40000	  -0.09373
  91.50000	  -0.16904
  91.60000	  -0.20955
  91.70000	  -0.12671
  91.80000	   0.00001
  91.90000	   0.03229
  92.00000	  -0.03770
  92.10000	  -0.10717
  92.20000	  -0.09136
  92.30000	  -0.02314
  92.40000	   0.00648
  92.50000	  -0.01731
  92.60000	  -0.10604
  92.70000	  -0.08367
  92.80000	   0.03982
  92.90000	   0.05569
  93.00000	   0.12629
  93.10000	   0.09389
  93.20000	   0.02813
  93.30000	   0.05514
  93.40000	   0.15238
  93.50000	   0.27788
  93.60000	   0.20635
  93.70000	   0.04259
  93.80000	  -0.05678
  93.90000	  -0.13541
  94.00000	  -0.17530
  94.10000	  -0.03629
  94.20000	   0.12965
  94.30000	   0.10186
  94.40000	   0.05868
  94.50000	   0.07853
  94.60000	   0.06087
  94.70000	   0.09264
  94.80000	   0.13287
  94.90000	   0.19737
  95.00000	   0.31438
  95.10000	   0.22599
  95.20000	   0.17361
  95.30000	   0.09150
  95.40000	   0.05939
  95.50000	  -0.04757
  95.60000	  -0.16898
  95.70000	  -0.09636
  95.80000	  -0.03389
  95.90000	   0.02331
  96.00000	  -0.06540
  96.10000	  -0.14262
  96.20000	  -0.04420
  96.30000	   0.05138
  96.40000	   0.14525
  96.50000	   0.14110
  96.60000	   0.13964
  96.70000	   0.23024
  96.80000	   0.22301
  96.90000	   0.20762
  97.00000	   0.23284
  97.10000	   0.19873
  97.20000	   0.16371
  97.30000	   0.11673
  97.40000	   0.04817
  97.50000	   0.01883
  97.60000	  -0.02930
  97.70000	   0.03451
  97.80000	   0.01155
  97.90000	   0.07403
  98.00000	   0.07021
  98.10000	   0.13317
  98.20000	   0.17783
  98.30000	   0.11223
  98.40000	   0.00951
  98.50000	  -0.06600
  98.60000	  -0.02989
  98.70000	   0.06353
  98.80000	   0.05881
  98.90000	   0.06570
  99.00000	   0.08551
  99.10000	   0.01735
  99.20000	  -0.02894
  99.30000	   0.02244
  99.40000	   0.06475
  99.50000	   0.15082
  99.60000	   0.14586
  99.70000	   0.09680
  99.80000	   0.05858
  99.90000	   0.08767
