# gamma	ks
  68.49182	  45.52912
   0.00000	   0.17968
   0.10000	   0.17321
   0.20000	   0.06608
   0.30000	   0.08910
   0.40000	   0.17790
   0.50000	   0.15670
   0.60000	   0.16927
   0.70000	   0.25451
   0.80000	   0.26668
   0.90000	   0.19790
   1.00000	   0.14763
   1.10000	   0.12444
   1.20000	   0.18827
   1.30000	   0.11109
   1.40000	   0.07325
   1.50000	   0.02097
   1.60000	   0.01721
   1.70000	  -0.00126
   1.80000	  -0.02337
   1.90000	  -0.03331
   2.00000	  -0.05588
   2.10000	  -0.03951
   2.20000	  -0.04304
   2.30000	   0.01332
   2.40000	  -0.05978
   2.50000	   0.00485
   2.60000	  -0.00993
   2.70000	   0.00849
   2.80000	  -0.05080
   2.90000	  -0.11251
   3.00000	  -0.11687
   3.10000	  -0.05097
   3.20000	  -0.05956
   3.30000	  -0.10339
   3.40000	  -0.01556
   3.50000	   0.00990
   3.60000	   0.03036
   3.70000	   0.08754
   3.80000	   0.13793
   3.90000	   0.14668
   4.00000	   0.14233
   4.10000	   0.07672
   4.20000	   0.08711
   4.30000	   0.13085
   4.40000	   0.13699
   4.50000	   0.22165
   4.60000	   0.19333
   4.70000	   0.14367
   4.80000	   0.12600
   4.90000	   0.22952
   5.00000	   0.15151
   5.10000	   0.20863
   5.20000	   0.13624
   5.30000	   0.06914
   5.40000	   0.07451
   5.50000	  -0.05461
   5.60000	  -0.01087
   5.70000	  -0.02629
   5.80000	  -0.05455
   5.90000	  -0.03298
   6.00000	  -0.12829
   6.10000	  -0.16529
   6.20000	  -0.24657
   6.30000	  -0.25594
   6.40000	  -0.21283
   6.50000	  -0.13068
   6.60000	  -0.06815
   6.70000	   0.00921
   6.80000	   0.03400
   6.90000	   0.01666
   7.00000	  -0.00892
   7.10000	  -0.02603
   7.20000	  -0.02801
   7.30000	  -0.01462
   7.40000	   0.01417
   7.50000	  -0.07326
   7.60000	  -0.09342
   7.70000	  -0.11510
   7.80000	  -0.05221
   7.90000	  -0.10055
   8.00000	  -0.11112
   8.10000	  -0.19995
   8.20000	  -0.20525
   8.30000	  -0.26717
   8.40000	  -0.16719
   8.50000	  -0.17895
   8.60000	  -0.15372
   8.70000	  -0.13236
   8.80000	  -0.16970
   8.90000	  -0.14820
   9.00000	  -0.19127
   9.10000	  -0.11716
   9.20000	  -0.03704
   9.30000	  -0.06279
   9.40000	  -0.08466
   9.50000	  -0.03725
   9.60000	  -0.11717
   9.70000	  -0.10594
   9.80000	  -0.05258
   9.90000	  -0.12411
  10.00000	  -0.12067
  10.10000	  -0.16295
  10.20000	  -0.14917
  10.30000	  -0.11281
  10.40000	  -0.12267
  10.50000	  -0.12894
  10.60000	  -0.10682
  10.70000	  -0.05868
  10.80000	  -0.03145
  10.90000	  -0.07767
  11.00000	  -0.09877
  11.10000	  -0.09378
  11.20000	  -0.15328
  11.30000	  -0.14951
  11.40000	  -0.17765
  11.50000	  -0.18553
  11.60000	  -0.22976
  11.70000	  -0.16660
  11.80000	  -0.11114
  11.90000	  -0.09298
  12.00000	  -0.13055
  12.10000	  -0.15093
  12.20000	  -0.12258
  12.30000	  -0.16359
  12.40000	  -0.04851
  12.50000	   0.03556
  12.60000	   0.03648
  12.70000	  -0.01385
  12.80000	  -0.01382
  12.90000	  -0.01723
  13.00000	  -0.10106
  13.10000	  -0.16839
  13.20000	  -0.12780
  13.30000	  -0.16417
  13.40000	  -0.14718
  13.50000	  -0.24227
  13.60000	  -0.28356
  13.70000	  -0.27502
  13.80000	  -0.26546
  13.90000	  -0.21648
  14.00000	  -0.23840
  14.10000	  -0.27410
  14.20000	  -0.17475
  14.30000	  -0.15827
  14.40000	  -0.13474
  14.50000	  -0.20868
  14.60000	  -0.32183
  14.70000	  -0.25101
  14.80000	  -0.26074
  14.90000	  -0.19553
  15.00000	  -0.15085
  15.10000	  -0.22531
  15.20000	  -0.20427
  15.30000	  -0.22037
  15.40000	  -0.15679
  15.50000	  -0.14656
  15.60000	  -0.10082
  15.70000	  -0.13767
  15.80000	  -0.10267
  15.90000	  -0.09615
  16.00000	  -0.07953
  16.10000	  -0.05693
  16.20000	  -0.05099
  16.30000	  -0.03895
  16.40000	  -0.02884
  16.50000	   0.05537
  16.60000	   0.03924
  16.70000	  -0.02899
  16.80000	   0.02428
  16.90000	   0.02878
  17.00000	  -0.01310
  17.10000	  -0.08770
  17.20000	  -0.04282
  17.30000	  -0.10937
  17.40000	  -0.22500
  17.50000	  -0.11283
  17.60000	  -0.13570
  17.70000	  -0.16029
  17.80000	  -0.11354
  17.90000	  -0.13568
  18.00000	  -0.09367
  18.10000	  -0.09498
  18.20000	  -0.07274
  18.30000	  -0.13615
  18.40000	  -0.17045
  18.50000	  -0.16824
  18.60000	  -0.23264
  18.70000	  -0.17925
  18.80000	  -0.13069
  18.90000	  -0.08863
  19.00000	  -0.07829
  19.10000	  -0.00848
  19.20000	   0.01807
  19.30000	  -0.02392
  19.40000	   0.00290
  19.50000	  -0.03222
  19.60000	   0.04319
  19.70000	   0.11347
  19.80000	   0.10453
  19.90000	   0.01287
  20.00000	  -0.03006
  20.10000	   0.02759
  20.20000	   0.08581
  20.30000	   0.09925
  20.40000	   0.07605
  20.50000	   0.09081
  20.60000	   0.03152
  20.70000	  -0.00159
  20.80000	   0.01773
  20.90000	  -0.06866
  21.00000	  -0.17193
  21.10000	  -0.12880
  21.20000	  -0.14211
  21.30000	  -0.17807
  21.40000	  -0.17572
  21.50000	  -0.14430
  21.60000	  -0.18647
  21.70000	  -0.14588
  21.80000	  -0.24824
  21.90000	  -0.28897
  22.00000	  -0.19504
  22.10000	  -0.12610
  22.20000	  -0.05068
  22.30000	  -0.13472
  22.40000	  -0.10246
  22.50000	  -0.24324
  22.60000	  -0.30960
  22.70000	  -0.29184
  22.80000	  -0.19599
  22.90000	  -0.19176
  23.00000	  -0.04812
  23.10000	  -0.05949
  23.20000	  -0.07392
  23.30000	   0.00399
  23.40000	  -0.01096
  23.50000	  -0.00919
  23.60000	   0.07749
  23.70000	   0.09115
  23.80000	   0.12502
  23.90000	   0.11585
  24.00000	   0.08955
  24.10000	   0.00684
  24.20000	   0.04982
  24.30000	   0.00657
  24.40000	   0.02584
  24.50000	   0.01983
  24.60000	   0.00271
  24.70000	  -0.00609
  24.80000	   0.07375
  24.90000	   0.09720
  25.00000	   0.07483
  25.10000	   0.01058
  25.20000	   0.08039
  25.30000	   0.11229
  25.40000	   0.06067
  25.50000	   0.00494
  25.60000	   0.04737
  25.70000	   0.03530
  25.80000	   0.01016
  25.90000	   0.03741
  26.00000	   0.04437
  26.10000	   0.15229
  26.20000	   0.22491
  26.30000	   0.17043
  26.40000	   0.18553
  26.50000	   0.21688
  26.60000	   0.20674
  26.70000	   0.19436
  26.80000	   0.18454
  26.90000	   0.14317
  27.00000	   0.12763
  27.10000	   0.25267
  27.20000	   0.24337
  27.30000	   0.19491
  27.40000	   0.18996
  27.50000	   0.15263
  27.60000	   0.11014
  27.70000	   0.06821
  27.80000	   0.02242
  27.90000	   0.04916
  28.00000	   0.02550
  28.10000	   0.00406
  28.20000	  -0.04785
  28.30000	   0.03683
  28.40000	  -0.00500
  28.50000	   0.09250
  28.60000	   0.17379
  28.70000	   0.12325
  28.80000	   0.10439
  28.90000	   0.14215
  29.00000	   0.12286
  29.10000	   0.09759
  29.20000	   0.04005
  29.30000	   0.04472
  29.40000	   0.09389
  29.50000	   0.07456
  29.60000	   0.02065
  29.70000	   0.01979
  29.80000	   0.12738
  29.90000	   0.07865
  30.00000	   0.06903
  30.10000	   0.00194
  30.20000	   0.03014
  30.30000	   0.13500
  30.40000	   0.11943
  30.50000	   0.12432
  30.60000	   0.03682
  30.70000	   0.11022
  30.80000	   0.16370
  30.90000	   0.04953
  31.00000	   0.04784
  31.10000	   0.03701
  31.20000	   0.05040
  31.30000	   0.06552
  31.40000	   0.03664
  31.50000	   0.13652
  31.60000	   0.14930
  31.70000	   0.16321
  31.80000	   0.08229
  31.90000	   0.02258
  32.00000	   0.00620
  32.10000	  -0.00686
  32.20000	   0.04992
  32.30000	   0.10314
  32.40000	   0.22678
  32.50000	   0.12974
  32.60000	   0.07114
  32.70000	   0.12756
  32.80000	   0.14473
  32.90000	   0.08738
  33.00000	  -0.00474
  33.10000	  -0.01902
  33.20000	  -0.07943
  33.30000	  -0.14669
  33.40000	  -0.10776
  33.50000	  -0.07500
  33.60000	  -0.05110
  33.70000	  -0.17076
  33.80000	  -0.18142
  33.90000	  -0.19340
  34.00000	  -0.20585
  34.10000	  -0.15128
  34.20000	  -0.08053
  34.30000	  -0.01969
  34.40000	   0.01960
  34.50000	  -0.02743
  34.60000	   0.05419
  34.70000	   0.05027
  34.80000	   0.04890
  34.90000	   0.15895
  35.00000	   0.18309
  35.10000	   0.15958
  35.20000	   0.14307
  35.30000	   0.15082
  35.40000	   0.15709
  35.50000	   0.14361
  35.60000	   0.19627
  35.70000	   0.29694
  35.80000	   0.26183
  35.90000	   0.24722
  36.00000	   0.21646
  36.10000	   0.21975
  36.20000	   0.17284
  36.30000	   0.19757
  36.40000	   0.13018
  36.50000	   0.10847
  36.60000	   0.14688
  36.70000	   0.11972
  36.80000	   0.08588
  36.90000	   0.06330
  37.00000	   0.05236
  37.10000	   0.01230
  37.20000	   0.05311
  37.30000	   0.02283
  37.40000	   0.03138
  37.50000	  -0.01006
  37.60000	  -0.04084
  37.70000	  -0.11886
  37.80000	  -0.15127
  37.90000	  -0.20002
  38.00000	  -0.19318
  38.10000	  -0.16162
  38.20000	  -0.10351
  38.30000	  -0.01006
  38.40000	  -0.01241
  38.50000	  -0.01504
  38.60000	   0.02094
  38.70000	   0.02398
  38.80000	   0.01450
  38.90000	  -0.06149
  39.00000	  -0.08947
  39.10000	  -0.12270
  39.20000	  -0.06594
  39.30000	  -0.02937
  39.40000	   0.01054
  39.50000	   0.01373
  39.60000	   0.03179
  39.70000	  -0.00234
  39.80000	  -0.07671
  39.90000	   0.02972
  40.00000	   0.05450
  40.10000	   0.07543
  40.20000	  -0.03786
  40.30000	   0.05393
  40.40000	   0.10346
  40.50000	   0.10979
  40.60000	   0.24233
  40.70000	   0.25084
  40.80000	   0.21648
  40.90000	   0.13093
  41.00000	   0.05001
  41.10000	   0.15260
  41.20000	   0.09525
  41.30000	   0.16445
  41.40000	   0.23330
  41.50000	   0.25124
  41.60000	   0.16991
  41.70000	   0.13179
  41.80000	  -0.00711
  41.90000	   0.11550
  42.00000	   0.09442
  42.10000	   0.11946
  42.20000	   0.15036
  42.30000	   0.18955
  42.40000	   0.23379
  42.50000	   0.26721
  42.60000	   0.20558
  42.70000	   0.23757
  42.80000	   0.21270
  42.90000	   0.19272
  43.00000	   0.18416
  43.10000	   0.18378
  43.20000	   0.21764
  43.30000	   0.20431
  43.40000	   0.16927
  43.50000	   0.19010
  43.60000	   0.06334
  43.70000	  -0.00645
  43.80000	   0.01312
  43.90000	   0.03265
  44.00000	  -0.05603
  44.10000	   0.01089
  44.20000	   0.06183
  44.30000	   0.10590
  44.40000	   0.08194
  44.50000	   0.05089
  44.60000	   0.05016
  44.70000	   0.10320
  44.80000	   0.06237
  44.90000	  -0.02253
  45.00000	  -0.03800
  45.10000	  -0.02565
  45.20000	  -0.08951
  45.30000	  -0.04972
  45.40000	  -0.06696
  45.50000	   0.03278
  45.60000	   0.05981
  45.70000	  -0.07052
  45.80000	  -0.02047
  45.90000	  -0.09188
  46.00000	  -0.04616
  46.10000	   0.02247
  46.20000	  -0.02963
  46.30000	  -0.01421
  46.40000	  -0.06941
  46.50000	  -0.04558
  46.60000	  -0.07865
  46.70000	  -0.07568
  46.80000	  -0.14511
  46.90000	  -0.12739
  47.00000	  -0.05555
  47.10000	  -0.08497
  47.20000	  -0.08715
  47.30000	  -0.05903
  47.40000	  -0.03357
  47.50000	  -0.05829
  47.60000	   0.00786
  47.70000	  -0.04207
  47.80000	  -0.06257
  47.90000	   0.00721
  48.00000	   0.04602
  48.10000	  -0.03547
  48.20000	   0.01672
  48.30000	   0.00290
  48.40000	   0.03714
  48.50000	   0.02624
  48.60000	   0.14918
  48.70000	   0.15309
  48.80000	   0.18323
  48.90000	   0.19290
  49.00000	   0.16608
  49.10000	   0.14070
  49.20000	   0.18676
  49.30000	   0.13172
  49.40000	   0.08515
  49.50000	   0.05903
  49.60000	   0.01128
  49.70000	  -0.01806
  49.80000	  -0.01601
  49.90000	   0.11904
  50.00000	   0.15127
  50.10000	   0.15332
  50.20000	   0.21113
  50.30000	   0.18643
  50.40000	   0.11623
  50.50000	   0.15894
  50.60000	   0.18550
  50.70000	   0.07421
  50.80000	   0.05230
  50.90000	   0.03768
  51.00000	   0.05011
  51.10000	  -0.00782
  51.20000	   0.03818
  51.30000	   0.00756
  51.40000	   0.05432
  51.50000	   0.07399
  51.60000	   0.07567
  51.70000	   0.12001
  51.80000	   0.13870
  51.90000	   0.08132
  52.00000	   0.14841
  52.10000	   0.13871
  52.20000	   0.13381
  52.30000	   0.14377
  52.40000	   0.12249
  52.50000	   0.11136
  52.60000	   0.11091
  52.70000	   0.09396
  52.80000	   0.07227
  52.90000	   0.05490
  53.00000	   0.07290
  53.10000	  -0.00443
  53.20000	  -0.09526
  53.30000	  -0.08824
  53.40000	  -0.08729
  53.50000	  -0.09174
  53.60000	  -0.09591
  53.70000	  -0.10774
  53.80000	  -0.10726
  53.90000	  -0.17246
  54.00000	  -0.16262
  54.10000	  -0.16744
  54.20000	  -0.20049
  54.30000	  -0.23424
  54.40000	  -0.12804
  54.50000	  -0.15660
  54.60000	  -0.09713
  54.70000	  -0.13798
  54.80000	  -0.04649
  54.90000	  -0.00043
  55.00000	   0.00099
  55.10000	  -0.01906
  55.20000	  -0.03833
  55.30000	  -0.05296
  55.40000	  -0.11360
  55.50000	  -0.12712
  55.60000	  -0.09937
  55.70000	  -0.09507
  55.80000	  -0.15769
  55.90000	  -0.04790
  56.00000	   0.01233
  56.10000	  -0.04841
  56.20000	  -0.05224
  56.30000	  -0.00615
  56.40000	  -0.01814
  56.50000	   0.02601
  56.60000	   0.03155
  56.70000	   0.06940
  56.80000	   0.07095
  56.90000	  -0.00592
  57.00000	   0.00166
  57.10000	  -0.00451
  57.20000	  -0.05624
  57.30000	  -0.00334
  57.40000	  -0.02531
  57.50000	  -0.04399
  57.60000	  -0.01745
  57.70000	   0.03833
  57.80000	   0.02985
  57.90000	   0.04319
  58.00000	   0.10721
  58.10000	   0.09413
  58.20000	   0.20373
  58.30000	   0.26544
  58.40000	   0.26026
  58.50000	   0.22847
  58.60000	   0.24104
  58.70000	   0.29239
  58.80000	   0.23569
  58.90000	   0.26595
  59.00000	   0.24953
  59.10000	   0.30467
  59.20000	   0.31465
  59.30000	   0.30653
  59.40000	   0.25165
  59.50000	   0.27259
  59.60000	   0.26802
  59.70000	   0.26336
  59.80000	   0.32609
  59.90000	   0.48858
  60.00000	   0.50360
  60.10000	   0.40439
  60.20000	   0.33625
  60.30000	   0.34318
  60.40000	   0.32860
  60.50000	   0.27921
  60.60000	   0.34280
  60.70000	   0.36391
  60.80000	   0.23910
  60.90000	   0.29709
  61.00000	   0.22790
  61.10000	   0.15531
  61.20000	   0.21913
  61.30000	   0.28002
  61.40000	   0.29777
  61.50000	   0.17120
  61.60000	   0.21080
  61.70000	   0.34254
  61.80000	   0.28906
  61.90000	   0.25141
  62.00000	   0.25554
  62.10000	   0.22377
  62.20000	   0.27218
  62.30000	   0.24989
  62.40000	   0.27696
  62.50000	   0.25348
  62.60000	   0.16655
  62.70000	   0.11295
  62.80000	   0.06685
  62.90000	   0.14841
  63.00000	   0.18868
  63.10000	   0.18300
  63.20000	   0.04751
  63.30000	   0.07930
  63.40000	  -0.00621
  63.50000	  -0.00878
  63.60000	  -0.13403
  63.70000	  -0.14057
  63.80000	  -0.18118
  63.90000	  -0.12670
  64.00000	  -0.07786
  64.10000	  -0.01892
  64.20000	  -0.02271
  64.30000	   0.04475
  64.40000	   0.07474
  64.50000	  -0.02895
  64.60000	  -0.08163
  64.70000	  -0.01219
  64.80000	  -0.03171
  64.90000	  -0.03193
  65.00000	  -0.11053
  65.10000	  -0.12725
  65.20000	   0.00385
  65.30000	  -0.01206
  65.40000	   0.01672
  65.50000	   0.00179
  65.60000	   0.03698
  65.70000	   0.04531
  65.80000	   0.07684
  65.90000	   0.02249
  66.00000	   0.03119
  66.10000	   0.06690
  66.20000	   0.08147
  66.30000	   0.12215
  66.40000	   0.07099
  66.50000	   0.04684
  66.60000	   0.01430
  66.70000	   0.02011
  66.80000	   0.01163
  66.90000	   0.02701
  67.00000	   0.02317
  67.10000	   0.05311
  67.20000	   0.05604
  67.30000	   0.12322
  67.40000	   0.10675
  67.50000	   0.05555
  67.60000	   0.00384
  67.70000	  -0.08954
  67.80000	  -0.14678
  67.90000	  -0.13700
  68.00000	  -0.20657
  68.10000	  -0.21402
  68.20000	  -0.21953
  68.30000	  -0.17001
  68.40000	  -0.14842
  68.50000	  -0.10793
  68.60000	  -0.24566
  68.70000	  -0.28815
  68.80000	  -0.29285
  68.90000	  -0.29039
  69.00000	  -0.22812
  69.10000	  -0.22827
  69.20000	  -0.23933
  69.30000	  -0.20740
  69.40000	  -0.17458
  69.50000	  -0.07712
  69.60000	  -0.08048
  69.70000	  -0.09580
  69.80000	   0.00211
  69.90000	   0.02523
  70.00000	   0.02225
  70.10000	   0.04495
  70.20000	  -0.04639
  70.30000	  -0.02364
  70.40000	   0.05318
  70.50000	   0.06214
  70.60000	   0.12857
  70.70000	   0.13292
  70.80000	   0.15802
  70.90000	   0.14119
  71.00000	   0.12766
  71.10000	   0.12543
  71.20000	   0.10610
  71.30000	   0.00933
  71.40000	  -0.03108
  71.50000	  -0.09209
  71.60000	  -0.14864
  71.70000	  -0.26665
  71.80000	  -0.33877
  71.90000	  -0.32241
  72.00000	  -0.36177
  72.10000	  -0.29139
  72.20000	  -0.29036
  72.30000	  -0.25555
  72.40000	  -0.12012
  72.50000	  -0.12107
  72.60000	  -0.14223
  72.70000	  -0.09218
  72.80000	  -0.12878
  72.90000	  -0.17516
  73.00000	  -0.20369
  73.10000	  -0.17989
  73.20000	  -0.13037
  73.30000	  -0.14015
  73.40000	  -0.19257
  73.50000	  -0.19293
  73.60000	  -0.11572
  73.70000	  -0.15594
  73.80000	  -0.18179
  73.90000	  -0.20750
  74.00000	  -0.18227
  74.10000	  -0.23679
  74.20000	  -0.21189
  74.30000	  -0.17028
  74.40000	  -0.18375
  74.50000	  -0.12126
  74.60000	  -0.17163
  74.70000	  -0.18875
  74.80000	  -0.20767
  74.90000	  -0.19558
  75.00000	  -0.18078
  75.10000	  -0.13659
  75.20000	  -0.08336
  75.30000	  -0.09232
  75.40000	  -0.08343
  75.50000	  -0.06882
  75.60000	  -0.09453
  75.70000	  -0.12321
  75.80000	  -0.11634
  75.90000	  -0.14941
  76.00000	  -0.06037
  76.10000	  -0.10943
  76.20000	  -0.08938
  76.30000	  -0.06260
  76.40000	  -0.04193
  76.50000	  -0.07895
  76.60000	  -0.12419
  76.70000	  -0.15600
  76.80000	  -0.10531
  76.90000	  -0.11625
  77.00000	  -0.13186
  77.10000	  -0.13575
  77.20000	  -0.05159
  77.30000	  -0.03986
  77.40000	  -0.11653
  77.50000	  -0.09811
  77.60000	   0.00499
  77.70000	   0.03097
  77.80000	   0.10947
  77.90000	   0.13497
  78.00000	   0.10432
  78.10000	   0.06368
  78.20000	   0.01902
  78.30000	  -0.00660
  78.40000	  -0.07826
  78.50000	  -0.03395
  78.60000	  -0.00537
  78.70000	  -0.05227
  78.80000	   0.02883
  78.90000	  -0.01287
  79.00000	   0.00722
  79.10000	  -0.05434
  79.20000	  -0.09877
  79.30000	  -0.11006
  79.40000	  -0.13815
  79.50000	  -0.13755
  79.60000	  -0.12849
  79.70000	  -0.12866
  79.80000	  -0.05981
  79.90000	  -0.02059
  80.00000	   0.00974
  80.10000	   0.02055
  80.20000	   0.02363
  80.30000	   0.04738
  80.40000	   0.14814
  80.50000	   0.18708
  80.60000	   0.10916
  80.70000	  -0.01481
  80.80000	   0.01348
  80.90000	   0.01926
  81.00000	   0.02785
  81.10000	   0.02756
  81.20000	  -0.01201
  81.30000	   0.01631
  81.40000	   0.02252
  81.50000	   0.09552
  81.60000	   0.06133
  81.70000	   0.14014
  81.80000	   0.17445
  81.90000	   0.20084
  82.00000	   0.14976
  82.10000	   0.16991
  82.20000	   0.20438
  82.30000	   0.15541
  82.40000	   0.11141
  82.50000	   0.12838
  82.60000	   0.06028
  82.70000	   0.05513
  82.80000	   0.16859
  82.90000	   0.14410
  83.00000	   0.11892
  83.10000	   0.15307
  83.20000	   0.16424
  83.30000	   0.14874
  83.40000	   0.26397
  83.50000	   0.18692
  83.60000	   0.23931
  83.70000	   0.18924
  83.80000	   0.22364
  83.90000	   0.18133
  84.00000	   0.20946
  84.10000	   0.18045
  84.20000	   0.24485
  84.30000	   0.22568
  84.40000	   0.18280
  84.50000	   0.23066
  84.60000	   0.24845
  84.70000	   0.23346
  84.80000	   0.20564
  84.90000	   0.30115
  85.00000	   0.25662
  85.10000	   0.27502
  85.20000	   0.19228
  85.30000	   0.23252
  85.40000	   0.17171
  85.50000	   0.16361
  85.60000	   0.08061
  85.70000	   0.02914
  85.80000	  -0.02473
  85.90000	  -0.07789
  86.00000	  -0.07854
  86.10000	  -0.13481
  86.20000	  -0.10164
  86.30000	  -0.06065
  86.40000	  -0.01883
  86.50000	  -0.01841
  86.60000	  -0.07973
  86.70000	  -0.05953
  86.80000	  -0.13562
  86.90000	  -0.10387
  87.00000	  -0.08999
  87.10000	  -0.20732
  87.20000	  -0.12544
  87.30000	   0.00510
  87.40000	   0.03658
  87.50000	   0.01220
  87.60000	   0.05896
  87.70000	   0.01686
  87.80000	   0.02967
  87.90000	   0.05073
  88.00000	   0.02479
  88.10000	  -0.02506
  88.20000	  -0.02484
  88.30000	  -0.02529
  88.40000	   0.01257
  88.50000	   0.08863
  88.60000	   0.07214
  88.70000	  -0.00316
  88.80000	  -0.03642
  88.90000	  -0.06632
  89.00000	  -0.07307
  89.10000	  -0.05729
  89.20000	  -0.08323
  89.30000	  -0.04317
  89.40000	   0.00259
  89.50000	  -0.04476
  89.60000	  -0.04923
  89.70000	  -0.12219
  89.80000	  -0.16820
  89.90000	  -0.06455
  90.00000	  -0.02438
  90.10000	   0.05702
  90.20000	   0.09871
  90.30000	  -0.00464
  90.40000	   0.03931
  90.50000	  -0.03674
  90.60000	  -0.01692
  90.70000	   0.00158
  90.80000	  -0.07963
  90.90000	  -0.06886
  91.00000	  -0.10495
  91.10000	  -0.22282
  91.20000	  -0.23885
  91.30000	  -0.20050
  91.40000	  -0.08537
  91.50000	  -0.01428
  91.60000	   0.06273
  91.70000	   0.06768
  91.80000	   0.03314
  91.90000	   0.06610
  92.00000	   0.04491
  92.10000	   0.08033
  92.20000	   0.07517
  92.30000	   0.05628
  92.40000	   0.09636
  92.50000	   0.10765
  92.60000	   0.12479
  92.70000	   0.23608
  92.80000	   0.20855
  92.90000	   0.23890
  93.00000	   0.23776
  93.10000	   0.25315
  93.20000	   0.25807
  93.30000	   0.34035
  93.40000	   0.42023
  93.50000	   0.39748
  93.60000	   0.35155
  93.70000	   0.35784
  93.80000	   0.31520
  93.90000	   0.30617
  94.00000	   0.35644
  94.10000	   0.37645
  94.20000	   0.30972
  94.30000	   0.33521
  94.40000	   0.29546
  94.50000	   0.19322
  94.60000	   0.14403
  94.70000	   0.16064
  94.80000	   0.21381
  94.90000	   0.19121
  95.00000	   0.13391
  95.10000	   0.09577
  95.20000	   0.11564
  95.30000	   0.22343
  95.40000	   0.14968
  95.50000	   0.02043
  95.60000	   0.11309
  95.70000	   0.07078
  95.80000	   0.04941
  95.90000	   0.05938
  96.00000	   0.06558
  96.10000	   0.16364
  96.20000	   0.19835
  96.30000	   0.14886
  96.40000	   0.12479
  96.50000	   0.08667
  96.60000	   0.01252
  96.70000	  -0.03611
  96.80000	  -0.05636
  96.90000	  -0.08026
  97.00000	  -0.04289
  97.10000	  -0.03273
  97.20000	   0.04652
  97.30000	   0.02188
  97.40000	   0.05234
  97.50000	   0.02746
  97.60000	   0.05287
  97.70000	   0.00415
  97.80000	  -0.00246
  97.90000	  -0.05325
  98.00000	  -0.02777
  98.10000	   0.04337
  98.20000	  -0.00881
  98.30000	   0.06342
  98.40000	   0.09670
  98.50000	   0.12094
  98.60000	   0.20857
  98.70000	   0.21127
  98.80000	   0.21611
  98.90000	   0.18737
  99.00000	   0.13442
  99.10000	   0.14437
  99.20000	   0.12260
  99.30000	   0.03256
  99.40000	   0.13757
  99.50000	   0.17704
  99.60000	   0.18017
  99.70000	   0.18937
  99.80000	   0.16637
  99.90000	   0.18421
